

----------------------------------------------------
STRUCTURE by Pritchard, Stephens and Donnelly (2000)
     and Falush, Stephens and Pritchard (2003)
       Code by Pritchard, Falush and Hubisz
             Version 2.3.4 (Jul 2012)
----------------------------------------------------



Command line arguments:   /opt/anaconda3/bin/structure -K 5 -i /data/home/edc5240/Daruanus/Daruanus_All_8locus_stru.txt -o /data/home/edc5240/Daruanus/output/str_K5_rep3 -D 4796772 -m /data/home/edc5240/Daruanus/mainparams -e /data/home/edc5240/Daruanus/extraparams 
Input File:    /data/home/edc5240/Daruanus/Daruanus_All_8locus_stru.txt

Run parameters:
   1358 individuals
   8 loci
   5 populations assumed
   250000 Burn-in period
   1000000 Reps
LOCPRIOR model used
RANDOMIZE turned off


--------------------------------------------
Proportion of membership of each pre-defined
 population in each of the 5 clusters

Given    Inferred Clusters                     Number of
 Pop       1      2      3      4      5      Individuals

  1:     0.008  0.671  0.037  0.015  0.268       72
  2:     0.025  0.004  0.200  0.132  0.639      414
  3:     0.116  0.003  0.132  0.740  0.008      358
  4:     0.882  0.003  0.032  0.081  0.002      441
  5:     0.903  0.003  0.025  0.059  0.008       73
--------------------------------------------

Allele-freq. divergence among pops (Net nucleotide distance),
computed using point estimates of P.

      1       2       3       4       5      
 1      -    0.0501  0.0329  0.0411  0.0470  
 2   0.0501     -    0.0099  0.0478  0.0124  
 3   0.0329  0.0099     -    0.0309  0.0045  
 4   0.0411  0.0478  0.0309     -    0.0446  
 5   0.0470  0.0124  0.0045  0.0446     -    

Average distances (expected heterozygosity) between individuals in same cluster:
cluster  1  : 0.8328 
cluster  2  : 0.8922 
cluster  3  : 0.9167 
cluster  4  : 0.8069 
cluster  5  : 0.9009 

--------------------------------------------
Estimated Ln Prob of Data   = -55508.3
Mean value of ln likelihood = -54877.3
Variance of ln likelihood   = 1262.0
Mean value of alpha         = 6.2056

Mean value of alpha_local for each location:
	location  1:  0.2337  17.9776  1.1997  0.3876  6.7660
	location  2:  0.5747  0.0889  4.9633  3.1635  14.3926
	location  3:  3.2799  0.0978  3.7173  20.6290  0.2240
	location  4:  16.5500  0.0722  0.5812  1.5486  0.0268
	location  5:  16.8530  0.0703  0.4855  1.1277  0.1694

Mean value of Fst_1         = 0.0744
Mean value of Fst_2         = 0.0315
Mean value of Fst_3         = 0.0012
Mean value of Fst_4         = 0.0659
Mean value of Fst_5         = 0.0140

Mean value of r = 0.0853

Inferred ancestry of individuals:
        Label (%Miss) Pop:  Inferred clusters
  1 Lion_Lion1    (0)    1 :  0.008 0.711 0.033 0.013 0.236 
  2 Lion_Lion2    (0)    1 :  0.010 0.674 0.039 0.022 0.256 
  3 Lion_Lion3    (0)    1 :  0.010 0.697 0.035 0.017 0.241 
  4 Lion_Lion4    (0)    1 :  0.011 0.661 0.036 0.017 0.275 
  5 Lion_Lion5    (0)    1 :  0.007 0.694 0.035 0.012 0.252 
  6 Lion_Lion6    (0)    1 :  0.006 0.668 0.041 0.013 0.273 
  7 Lion_Lion7    (0)    1 :  0.008 0.662 0.038 0.014 0.279 
  8 Lion_Lion8    (0)    1 :  0.009 0.677 0.037 0.015 0.263 
  9 Lion_Lion9    (0)    1 :  0.013 0.698 0.036 0.020 0.233 
 10 Lion_Lion10    (0)    1 :  0.006 0.611 0.042 0.010 0.330 
 11 Lion_Lion11    (0)    1 :  0.008 0.679 0.038 0.016 0.259 
 12 Lion_Lion13    (0)    1 :  0.010 0.651 0.036 0.015 0.289 
 13 Lion_Lion14    (0)    1 :  0.010 0.700 0.037 0.013 0.241 
 14 Lion_Lion15    (0)    1 :  0.007 0.652 0.042 0.013 0.285 
 15 Lion_Lion16    (0)    1 :  0.006 0.659 0.038 0.012 0.284 
 16 Lion_Lion17    (0)    1 :  0.008 0.711 0.039 0.013 0.229 
 17 Lion_Lion18    (0)    1 :  0.007 0.674 0.034 0.013 0.273 
 18 Lion_Lion19    (0)    1 :  0.010 0.660 0.041 0.024 0.265 
 19 Lion_Lion20    (0)    1 :  0.009 0.630 0.044 0.019 0.298 
 20 Lion_Lion21    (0)    1 :  0.008 0.641 0.038 0.012 0.301 
 21 Lion_Lion22    (0)    1 :  0.006 0.715 0.035 0.011 0.234 
 22 Lion_Lion23    (0)    1 :  0.007 0.668 0.035 0.012 0.279 
 23 Lion_Lion24    (0)    1 :  0.008 0.659 0.040 0.022 0.271 
 24 Lion_Lion25    (0)    1 :  0.009 0.672 0.036 0.016 0.267 
 25 Lion_Lion26    (0)    1 :  0.009 0.682 0.036 0.013 0.260 
 26 Lion_Lion27    (0)    1 :  0.007 0.670 0.036 0.015 0.272 
 27 Lion_Lion28    (0)    1 :  0.008 0.698 0.037 0.013 0.244 
 28 Lion_Lion29    (0)    1 :  0.006 0.692 0.037 0.011 0.254 
 29 Lion_Lion30    (0)    1 :  0.011 0.639 0.041 0.017 0.291 
 30 Lion_Lion31    (0)    1 :  0.007 0.702 0.035 0.013 0.242 
 31 Lion_Lion32    (0)    1 :  0.006 0.725 0.031 0.010 0.228 
 32 Lion_Lion33    (0)    1 :  0.007 0.646 0.035 0.012 0.300 
 33 Lion_Lion34    (0)    1 :  0.009 0.691 0.032 0.011 0.257 
 34 Lion_Lion36    (0)    1 :  0.007 0.646 0.036 0.015 0.296 
 35 Lion_Lion38    (0)    1 :  0.006 0.669 0.035 0.014 0.276 
 36 Lion_Lion39    (0)    1 :  0.007 0.672 0.042 0.012 0.268 
 37 Lion_Lion40    (0)    1 :  0.007 0.695 0.034 0.016 0.247 
 38 Lion_Lion41    (0)    1 :  0.008 0.626 0.040 0.023 0.303 
 39 Lion_Lion42    (0)    1 :  0.007 0.648 0.041 0.015 0.290 
 40 Lion_Lion43    (0)    1 :  0.008 0.642 0.037 0.014 0.299 
 41 Lion_Lion44    (0)    1 :  0.007 0.670 0.041 0.020 0.261 
 42 Lion_Lion45    (0)    1 :  0.011 0.705 0.036 0.014 0.234 
 43 Lion_Lion46    (0)    1 :  0.012 0.701 0.035 0.017 0.235 
 44 Lion_Lion47    (0)    1 :  0.010 0.671 0.037 0.018 0.264 
 45 Lion_Lion48    (0)    1 :  0.007 0.641 0.037 0.015 0.301 
 46 Lion_Lion49    (0)    1 :  0.007 0.654 0.037 0.016 0.286 
 47 Lion_Lion50    (0)    1 :  0.008 0.640 0.044 0.016 0.292 
 48 Lion_Lion51    (0)    1 :  0.006 0.689 0.034 0.012 0.259 
 49 Lion_Lion52    (0)    1 :  0.009 0.673 0.040 0.017 0.261 
 50 Lolo_Lolo1    (0)    1 :  0.008 0.724 0.032 0.016 0.221 
 51 Lolo_Lolo2    (0)    1 :  0.010 0.712 0.037 0.015 0.226 
 52 Lolo_Lolo3    (0)    1 :  0.008 0.687 0.036 0.015 0.255 
 53 Lolo_Lolo4    (0)    1 :  0.009 0.668 0.034 0.013 0.276 
 54 Lolo_Lolo5    (0)    1 :  0.008 0.689 0.037 0.017 0.248 
 55 Lolo_Lolo6    (0)    1 :  0.015 0.633 0.038 0.014 0.299 
 56 Lolo_Lolo7    (0)    1 :  0.007 0.690 0.035 0.013 0.255 
 57 Lolo_Lolo8    (0)    1 :  0.011 0.697 0.035 0.014 0.243 
 58 Lolo_Lolo9    (0)    1 :  0.009 0.699 0.035 0.016 0.242 
 59 Manu_Manu1    (0)    1 :  0.007 0.693 0.037 0.015 0.248 
 60 Manu_Manu2    (0)    1 :  0.009 0.655 0.037 0.019 0.280 
 61 Manu_Manu3    (0)    1 :  0.007 0.651 0.036 0.013 0.293 
 62 Manu_Manu4    (0)    1 :  0.009 0.667 0.036 0.022 0.265 
 63 Manu_Manu5    (0)    1 :  0.016 0.625 0.038 0.014 0.307 
 64 Manu_Manu6    (0)    1 :  0.007 0.618 0.039 0.013 0.322 
 65 Manu_Manu7    (0)    1 :  0.008 0.662 0.039 0.012 0.279 
 66 Manu_Manu8    (0)    1 :  0.007 0.663 0.037 0.014 0.279 
 67 Manu_Manu9    (0)    1 :  0.011 0.658 0.041 0.022 0.268 
 68 Manu_Manu10    (0)    1 :  0.009 0.631 0.042 0.013 0.304 
 69 Manu_Manu11    (0)    1 :  0.008 0.658 0.037 0.013 0.283 
 70 Manu_Manu13    (0)    1 :  0.009 0.692 0.035 0.028 0.235 
 71 Manu_Manu14    (0)    1 :  0.007 0.636 0.036 0.011 0.311 
 72 Manu_Manu15    (0)    1 :  0.007 0.696 0.032 0.012 0.253 
 73   Go_Go1    (0)    2 :  0.025 0.005 0.208 0.140 0.621 
 74   Go_Go2    (0)    2 :  0.028 0.004 0.189 0.149 0.629 
 75   Go_Go3    (0)    2 :  0.022 0.004 0.216 0.135 0.622 
 76   Go_Go4    (0)    2 :  0.020 0.004 0.203 0.124 0.648 
 77   Go_Go5    (0)    2 :  0.025 0.005 0.209 0.134 0.627 
 78   Go_Go6    (0)    2 :  0.019 0.004 0.201 0.120 0.656 
 79   Go_Go7    (0)    2 :  0.021 0.004 0.200 0.144 0.630 
 80   Go_Go8    (0)    2 :  0.019 0.006 0.209 0.133 0.633 
 81   Go_Go9    (0)    2 :  0.035 0.006 0.206 0.113 0.640 
 82  Go_Go10    (0)    2 :  0.022 0.004 0.209 0.129 0.635 
 83  Go_Go11    (0)    2 :  0.021 0.004 0.197 0.133 0.645 
 84  Go_Go12    (0)    2 :  0.026 0.005 0.197 0.135 0.637 
 85  Go_Go13    (0)    2 :  0.024 0.004 0.202 0.112 0.658 
 86  Go_Go14    (0)    2 :  0.029 0.004 0.199 0.133 0.635 
 87  Go_Go15    (0)    2 :  0.022 0.004 0.196 0.135 0.643 
 88  Go_Go16    (0)    2 :  0.022 0.005 0.222 0.125 0.626 
 89  Go_Go17    (0)    2 :  0.024 0.004 0.186 0.134 0.652 
 90  Go_Go18    (0)    2 :  0.025 0.005 0.199 0.143 0.628 
 91  Go_Go19    (0)    2 :  0.033 0.004 0.191 0.154 0.618 
 92  Go_Go20    (0)    2 :  0.019 0.005 0.206 0.135 0.635 
 93  Go_Go21    (0)    2 :  0.023 0.004 0.196 0.125 0.653 
 94  Go_Go22    (0)    2 :  0.022 0.005 0.198 0.123 0.651 
 95  Go_Go23    (0)    2 :  0.026 0.004 0.191 0.158 0.621 
 96  Go_Go24    (0)    2 :  0.025 0.004 0.196 0.125 0.650 
 97  Go_Go25    (0)    2 :  0.023 0.004 0.195 0.155 0.622 
 98  Go_Go27    (0)    2 :  0.042 0.004 0.197 0.137 0.621 
 99  Go_Go28    (0)    2 :  0.039 0.005 0.208 0.133 0.615 
100  Go_Go29    (0)    2 :  0.036 0.004 0.192 0.185 0.583 
101  Go_Go30    (0)    2 :  0.021 0.004 0.189 0.102 0.684 
102  Go_Go31    (0)    2 :  0.021 0.004 0.183 0.159 0.633 
103  Go_Go32    (0)    2 :  0.032 0.004 0.204 0.145 0.615 
104  Go_Go33    (0)    2 :  0.023 0.004 0.196 0.109 0.669 
105  Go_Go34    (0)    2 :  0.023 0.004 0.190 0.146 0.638 
106  Go_Go35    (0)    2 :  0.026 0.005 0.198 0.145 0.626 
107  Go_Go36    (0)    2 :  0.019 0.004 0.211 0.144 0.622 
108  Go_Go37    (0)    2 :  0.023 0.005 0.219 0.128 0.626 
109  Go_Go38    (0)    2 :  0.017 0.005 0.213 0.108 0.657 
110  Go_Go39    (0)    2 :  0.026 0.004 0.206 0.169 0.595 
111  Go_Go40    (0)    2 :  0.021 0.004 0.198 0.142 0.634 
112  Go_Go41    (0)    2 :  0.020 0.004 0.198 0.142 0.636 
113  Go_Go42    (0)    2 :  0.033 0.004 0.193 0.196 0.574 
114  Go_Go43    (0)    2 :  0.028 0.004 0.191 0.173 0.604 
115  Go_Go44    (0)    2 :  0.030 0.005 0.206 0.127 0.633 
116  Go_Go45    (0)    2 :  0.020 0.004 0.208 0.125 0.643 
117  Go_Go46    (0)    2 :  0.023 0.005 0.209 0.136 0.627 
118  Go_Go47    (0)    2 :  0.030 0.004 0.217 0.127 0.622 
119  Go_Go48    (0)    2 :  0.019 0.004 0.191 0.119 0.666 
120  Go_Go49    (0)    2 :  0.026 0.005 0.211 0.123 0.635 
121  Go_Go50    (0)    2 :  0.023 0.005 0.197 0.127 0.649 
122  Go_Go51    (0)    2 :  0.022 0.005 0.204 0.092 0.678 
123  Go_Go52    (0)    2 :  0.021 0.004 0.206 0.118 0.651 
124  Go_Go53    (0)    2 :  0.022 0.005 0.197 0.119 0.656 
125  Go_Go54    (0)    2 :  0.025 0.004 0.188 0.114 0.670 
126  Go_Go55    (0)    2 :  0.020 0.004 0.197 0.105 0.675 
127  Go_Go56    (0)    2 :  0.026 0.004 0.196 0.129 0.645 
128 Hie_Hie2    (0)    2 :  0.024 0.004 0.236 0.110 0.627 
129 Hie_Hie3    (0)    2 :  0.031 0.004 0.199 0.137 0.629 
130 Hie_Hie4    (0)    2 :  0.024 0.004 0.186 0.156 0.630 
131 Hie_Hie5    (0)    2 :  0.021 0.004 0.183 0.126 0.666 
132 Hie_Hie6    (0)    2 :  0.027 0.005 0.199 0.134 0.635 
133 Hie_Hie7    (0)    2 :  0.032 0.004 0.187 0.141 0.636 
134 Hie_Hie8    (0)    2 :  0.025 0.004 0.202 0.140 0.629 
135 Hie_Hie9    (0)    2 :  0.026 0.006 0.203 0.131 0.635 
136 Hie_Hie11    (0)    2 :  0.027 0.005 0.192 0.176 0.600 
137 Hie_Hie12    (0)    2 :  0.022 0.004 0.183 0.119 0.673 
138 Hie_Hie13    (0)    2 :  0.020 0.005 0.204 0.133 0.637 
139 Hie_Hie14    (0)    2 :  0.019 0.005 0.211 0.110 0.655 
140 Hie_Hie15    (0)    2 :  0.029 0.004 0.205 0.132 0.630 
141 Hie_Hie16    (0)    2 :  0.020 0.005 0.187 0.107 0.682 
142 Hie_Hie17    (0)    2 :  0.039 0.004 0.190 0.192 0.575 
143 Hie_Hie18    (0)    2 :  0.021 0.004 0.203 0.123 0.649 
144 Hie_Hie19    (0)    2 :  0.025 0.004 0.211 0.155 0.605 
145 Hie_Hie20    (0)    2 :  0.031 0.004 0.214 0.128 0.623 
146 Hie_Hie21    (0)    2 :  0.022 0.005 0.206 0.145 0.621 
147 Hie_Hie22    (0)    2 :  0.024 0.004 0.194 0.129 0.649 
148 Hie_Hie23    (0)    2 :  0.020 0.004 0.206 0.111 0.659 
149 Hie_Hie24    (0)    2 :  0.022 0.004 0.195 0.123 0.655 
150 Hie_Hie25    (0)    2 :  0.024 0.004 0.183 0.145 0.644 
151 Hie_Hie26    (0)    2 :  0.019 0.004 0.196 0.109 0.672 
152 Hie_Hie27    (0)    2 :  0.022 0.005 0.213 0.138 0.621 
153 Hie_Hie28    (0)    2 :  0.034 0.004 0.200 0.128 0.634 
154 Hie_Hie29    (0)    2 :  0.041 0.004 0.196 0.133 0.626 
155 Hie_Hie30    (0)    2 :  0.023 0.004 0.213 0.117 0.643 
156 Hie_Hie31    (0)    2 :  0.026 0.004 0.185 0.122 0.663 
157 Hie_Hie32    (0)    2 :  0.023 0.004 0.196 0.112 0.665 
158 Hie_Hie33    (0)    2 :  0.025 0.004 0.193 0.135 0.643 
159 Hie_Hie34    (0)    2 :  0.025 0.004 0.198 0.138 0.635 
160 Hie_Hie35    (0)    2 :  0.021 0.004 0.195 0.135 0.646 
161 Hie_Hie36    (0)    2 :  0.022 0.004 0.186 0.130 0.658 
162 Hie_Hie37    (0)    2 :  0.026 0.004 0.195 0.132 0.643 
163 Hie_Hie38    (0)    2 :  0.029 0.004 0.197 0.115 0.655 
164 Hie_Hie39    (0)    2 :  0.022 0.006 0.203 0.141 0.628 
165 Hie_Hie40    (0)    2 :  0.023 0.005 0.198 0.124 0.651 
166 Hie_Hie41    (0)    2 :  0.024 0.007 0.214 0.115 0.639 
167 Hie_Hie42    (0)    2 :  0.043 0.006 0.204 0.194 0.553 
168 Hie_Hie43    (0)    2 :  0.047 0.004 0.202 0.139 0.608 
169 Hie_Hie44    (0)    2 :  0.017 0.004 0.223 0.117 0.639 
170 Hie_Hie45    (0)    2 :  0.026 0.004 0.183 0.178 0.607 
171 Hie_Hie46    (0)    2 :  0.025 0.004 0.187 0.129 0.656 
172 Hie_Hie47    (0)    2 :  0.019 0.004 0.201 0.116 0.660 
173 Hie_Hie48    (0)    2 :  0.023 0.005 0.194 0.136 0.643 
174 Hie_Hie49    (0)    2 :  0.019 0.004 0.219 0.114 0.645 
175 Lar_Lar1    (0)    2 :  0.019 0.005 0.198 0.111 0.667 
176 Lar_Lar2    (0)    2 :  0.026 0.005 0.206 0.110 0.654 
177 Lar_Lar3    (0)    2 :  0.036 0.004 0.188 0.145 0.627 
178 Lar_Lar4    (0)    2 :  0.026 0.004 0.186 0.138 0.645 
179 Lar_Lar5    (0)    2 :  0.023 0.004 0.194 0.127 0.652 
180 Lar_Lar6    (0)    2 :  0.022 0.004 0.211 0.113 0.650 
181 Lar_Lar7    (0)    2 :  0.030 0.004 0.207 0.166 0.593 
182 Lar_Lar8    (0)    2 :  0.023 0.005 0.188 0.151 0.634 
183 Lar_Lar10    (0)    2 :  0.027 0.004 0.199 0.136 0.633 
184 Lar_Lar11    (0)    2 :  0.031 0.004 0.200 0.123 0.642 
185 Lar_Lar12    (0)    2 :  0.029 0.004 0.205 0.152 0.611 
186 Lar_Lar14    (0)    2 :  0.020 0.004 0.219 0.130 0.626 
187 Lar_Lar15    (0)    2 :  0.026 0.004 0.194 0.123 0.653 
188 Lar_Lar16    (0)    2 :  0.024 0.004 0.184 0.122 0.665 
189 Lar_Lar17    (0)    2 :  0.022 0.004 0.208 0.170 0.596 
190 Lar_Lar18    (0)    2 :  0.023 0.004 0.193 0.136 0.644 
191 Lar_Lar19    (0)    2 :  0.024 0.004 0.187 0.124 0.660 
192 Lar_Lar20    (0)    2 :  0.040 0.004 0.204 0.152 0.600 
193 Lar_Lar21    (0)    2 :  0.018 0.004 0.190 0.103 0.685 
194 Lar_Lar22    (0)    2 :  0.023 0.004 0.204 0.135 0.634 
195 Lar_Lar23    (0)    2 :  0.021 0.005 0.186 0.114 0.675 
196 Lar_Lar24    (0)    2 :  0.024 0.004 0.190 0.138 0.644 
197 Lar_Lar25    (0)    2 :  0.033 0.005 0.210 0.128 0.624 
198 Lar_Lar26    (0)    2 :  0.028 0.004 0.199 0.132 0.637 
199 Lar_Lar27    (0)    2 :  0.023 0.007 0.202 0.141 0.627 
200 Lar_Lar28    (0)    2 :  0.029 0.004 0.185 0.114 0.668 
201 Lar_Lar29    (0)    2 :  0.022 0.004 0.203 0.112 0.660 
202 Lar_Lar30    (0)    2 :  0.024 0.005 0.193 0.145 0.633 
203 Lar_Lar31    (0)    2 :  0.024 0.004 0.210 0.124 0.638 
204 Lar_Lar32    (0)    2 :  0.023 0.004 0.193 0.157 0.623 
205 Lar_Lar33    (0)    2 :  0.032 0.004 0.182 0.136 0.647 
206 Lar_Lar34    (0)    2 :  0.021 0.004 0.187 0.158 0.630 
207 Lar_Lar35    (0)    2 :  0.020 0.003 0.192 0.119 0.665 
208 Lar_Lar36    (0)    2 :  0.054 0.005 0.200 0.134 0.607 
209 Lar_Lar37    (0)    2 :  0.021 0.005 0.208 0.126 0.640 
210 Lar_Lar38    (0)    2 :  0.020 0.005 0.207 0.118 0.651 
211 Lar_Lar39    (0)    2 :  0.029 0.005 0.220 0.139 0.607 
212 Lar_Lar40    (0)    2 :  0.022 0.004 0.184 0.136 0.654 
213 Lar_Lar41    (0)    2 :  0.019 0.004 0.194 0.103 0.680 
214 Lar_Lar42    (0)    2 :  0.027 0.004 0.188 0.117 0.664 
215 Lar_Lar43    (0)    2 :  0.042 0.004 0.191 0.178 0.586 
216 Lar_Lar44    (0)    2 :  0.030 0.005 0.222 0.138 0.604 
217 Lar_Lar45    (0)    2 :  0.022 0.004 0.201 0.130 0.643 
218 Lar_Lar46    (0)    2 :  0.019 0.004 0.176 0.105 0.696 
219 Lar_Lar47    (0)    2 :  0.024 0.005 0.214 0.120 0.638 
220 Lar_Lar48    (0)    2 :  0.021 0.004 0.199 0.144 0.632 
221 Lar_Lar49    (0)    2 :  0.035 0.004 0.198 0.139 0.623 
222 Lar_Lar50    (0)    2 :  0.020 0.004 0.198 0.110 0.668 
223 Lar_Lar51    (0)    2 :  0.023 0.004 0.192 0.142 0.639 
224 Lar_Lar52    (0)    2 :  0.022 0.004 0.212 0.118 0.644 
225 Lar_Lar53    (0)    2 :  0.019 0.005 0.197 0.095 0.685 
226 Mara_Mara1    (0)    2 :  0.024 0.005 0.212 0.114 0.646 
227 Mara_Mara2    (0)    2 :  0.021 0.004 0.205 0.118 0.652 
228 Mara_Mara3    (0)    2 :  0.019 0.004 0.186 0.133 0.658 
229 Mara_Mara4    (0)    2 :  0.029 0.005 0.210 0.120 0.636 
230 Mara_Mara5    (0)    2 :  0.020 0.004 0.202 0.113 0.661 
231 Mara_Mara6    (0)    2 :  0.025 0.004 0.213 0.117 0.641 
232 Mara_Mara7    (0)    2 :  0.025 0.006 0.223 0.120 0.625 
233 Mara_Mara8    (0)    2 :  0.022 0.004 0.185 0.143 0.646 
234 Mara_Mara9    (0)    2 :  0.018 0.005 0.181 0.115 0.681 
235 Mara_Mara1_    (0)    2 :  0.038 0.003 0.198 0.153 0.607 
236 Mara_Mara1_    (0)    2 :  0.033 0.004 0.203 0.136 0.624 
237 Mara_Mara1_    (0)    2 :  0.025 0.004 0.199 0.131 0.641 
238 Mara_Mara1_    (0)    2 :  0.026 0.004 0.218 0.110 0.641 
239 Mara_Mara1_    (0)    2 :  0.052 0.004 0.207 0.124 0.613 
240 Mara_Mara1_    (0)    2 :  0.025 0.004 0.199 0.139 0.633 
241 Mara_Mara1_    (0)    2 :  0.025 0.004 0.209 0.147 0.615 
242 Mara_Mara1_    (0)    2 :  0.023 0.005 0.207 0.137 0.629 
243 Mara_Mara1_    (0)    2 :  0.026 0.004 0.187 0.126 0.656 
244 Mara_Mara1_    (0)    2 :  0.023 0.005 0.195 0.132 0.645 
245 Mara_Mara2_    (0)    2 :  0.024 0.004 0.193 0.141 0.637 
246 Mara_Mara2_    (0)    2 :  0.037 0.004 0.204 0.141 0.614 
247 Mara_Mara2_    (0)    2 :  0.019 0.004 0.190 0.113 0.674 
248 Mara_Mara2_    (0)    2 :  0.022 0.004 0.198 0.117 0.658 
249 Mara_Mara2_    (0)    2 :  0.024 0.004 0.183 0.117 0.672 
250 Mara_Mara2_    (0)    2 :  0.022 0.004 0.189 0.153 0.632 
251 Mara_Mara2_    (0)    2 :  0.019 0.004 0.213 0.113 0.651 
252 Mara_Mara2_    (0)    2 :  0.023 0.004 0.205 0.133 0.635 
253 Mara_Mara2_    (0)    2 :  0.040 0.005 0.199 0.119 0.637 
254 Mara_Mara2_    (0)    2 :  0.038 0.005 0.205 0.150 0.603 
255 Mara_Mara3_    (0)    2 :  0.055 0.006 0.228 0.135 0.576 
256 Mara_Mara3_    (0)    2 :  0.030 0.006 0.206 0.161 0.597 
257 Mara_Mara3_    (0)    2 :  0.022 0.004 0.207 0.122 0.645 
258 Mara_Mara3_    (0)    2 :  0.025 0.004 0.202 0.130 0.639 
259 Mara_Mara3_    (0)    2 :  0.034 0.003 0.192 0.129 0.642 
260 Mara_Mara3_    (0)    2 :  0.029 0.004 0.198 0.134 0.635 
261 Mara_Mara3_    (0)    2 :  0.030 0.005 0.194 0.131 0.641 
262 Mara_Mara3_    (0)    2 :  0.021 0.004 0.202 0.139 0.635 
263 Mara_Mara3_    (0)    2 :  0.019 0.004 0.178 0.118 0.680 
264 Mara_Mara3_    (0)    2 :  0.023 0.004 0.186 0.142 0.645 
265 Mara_Mara4_    (0)    2 :  0.027 0.004 0.194 0.181 0.594 
266 Mara_Mara4_    (0)    2 :  0.021 0.005 0.198 0.116 0.660 
267 Mara_Mara4_    (0)    2 :  0.022 0.004 0.188 0.138 0.649 
268 Mara_Mara4_    (0)    2 :  0.024 0.004 0.194 0.115 0.663 
269 Mara_Mara4_    (0)    2 :  0.020 0.004 0.196 0.122 0.658 
270 Mara_Mara4_    (0)    2 :  0.020 0.004 0.212 0.116 0.648 
271 Mara_Mara4_    (0)    2 :  0.022 0.004 0.187 0.152 0.635 
272 Mara_Mara4_    (0)    2 :  0.021 0.004 0.191 0.136 0.648 
273 Mara_Mara4_    (0)    2 :  0.033 0.005 0.204 0.101 0.658 
274 Mara_Mara4_    (0)    2 :  0.021 0.004 0.190 0.123 0.663 
275 Mara_Mara5_    (0)    2 :  0.024 0.004 0.185 0.123 0.664 
276 Mara_Mara5_    (0)    2 :  0.025 0.005 0.204 0.113 0.653 
277 Mara_Mara5_    (0)    2 :  0.037 0.005 0.206 0.155 0.597 
278 MBO_MBO1    (0)    2 :  0.021 0.006 0.209 0.165 0.600 
279 MBO_MBO2    (0)    2 :  0.031 0.004 0.191 0.159 0.615 
280 MBO_MBO3    (0)    2 :  0.018 0.004 0.199 0.119 0.661 
281 MBO_MBO4    (0)    2 :  0.025 0.006 0.188 0.144 0.637 
282 MBO_MBO6    (0)    2 :  0.022 0.004 0.200 0.146 0.629 
283 MBO_MBO7    (0)    2 :  0.024 0.004 0.193 0.101 0.678 
284 MBO_MBO8    (0)    2 :  0.025 0.004 0.204 0.168 0.600 
285 MBO_MBO9    (0)    2 :  0.028 0.004 0.192 0.174 0.601 
286 MBO_MBO10    (0)    2 :  0.023 0.005 0.199 0.134 0.639 
287 MBO_MBO11    (0)    2 :  0.023 0.004 0.243 0.111 0.618 
288 MBO_MBO12    (0)    2 :  0.021 0.004 0.232 0.104 0.638 
289 MBO_MBO13    (0)    2 :  0.020 0.004 0.207 0.120 0.650 
290 MBO_MBO14    (0)    2 :  0.023 0.004 0.189 0.118 0.666 
291 MBO_MBO15    (0)    2 :  0.025 0.004 0.196 0.148 0.627 
292 MBO_MBO16    (0)    2 :  0.019 0.004 0.210 0.126 0.641 
293 MBO_MBO17    (0)    2 :  0.023 0.004 0.206 0.128 0.639 
294 MBO_MBO18    (0)    2 :  0.027 0.005 0.208 0.159 0.601 
295 MBO_MBO19    (0)    2 :  0.022 0.004 0.223 0.140 0.611 
296 MBO_MBO20    (0)    2 :  0.036 0.004 0.192 0.122 0.646 
297 MBO_MBO21    (0)    2 :  0.022 0.005 0.197 0.118 0.658 
298 MBO_MBO22    (0)    2 :  0.023 0.004 0.197 0.118 0.657 
299 MBO_MBO23    (0)    2 :  0.028 0.004 0.189 0.124 0.654 
300 MBO_MBO24    (0)    2 :  0.024 0.004 0.199 0.111 0.662 
301 MBO_MBO25    (0)    2 :  0.021 0.004 0.192 0.118 0.665 
302 MBO_MBO26    (0)    2 :  0.022 0.004 0.198 0.125 0.651 
303 MBO_MBO27    (0)    2 :  0.026 0.005 0.196 0.132 0.641 
304 MBO_MBO28    (0)    2 :  0.031 0.004 0.208 0.122 0.634 
305 MBO_MBO29    (0)    2 :  0.032 0.004 0.207 0.129 0.628 
306 MBO_MBO30    (0)    2 :  0.023 0.008 0.198 0.122 0.649 
307 MBO_MBO31    (0)    2 :  0.023 0.006 0.208 0.150 0.612 
308 MBO_MBO32    (0)    2 :  0.022 0.004 0.210 0.115 0.649 
309 MBO_MBO33    (0)    2 :  0.025 0.005 0.214 0.142 0.614 
310 MBO_MBO34    (0)    2 :  0.024 0.004 0.186 0.122 0.663 
311 MBO_MBO35    (0)    2 :  0.018 0.005 0.234 0.117 0.626 
312 MBO_MBO36    (0)    2 :  0.030 0.006 0.219 0.116 0.630 
313 MBO_MBO37    (0)    2 :  0.025 0.004 0.193 0.144 0.634 
314 MBO_MBO38    (0)    2 :  0.022 0.004 0.199 0.151 0.624 
315 MBO_MBO39    (0)    2 :  0.018 0.004 0.187 0.112 0.679 
316 MBO_MBO40    (0)    2 :  0.023 0.004 0.188 0.131 0.654 
317 MBO_MBO41    (0)    2 :  0.020 0.004 0.191 0.163 0.622 
318 MBO_MBO42    (0)    2 :  0.023 0.005 0.199 0.134 0.639 
319 MBO_MBO43    (0)    2 :  0.017 0.005 0.219 0.106 0.652 
320 MBO_MBO44    (0)    2 :  0.022 0.005 0.204 0.133 0.636 
321 MBO_MBO45    (0)    2 :  0.024 0.005 0.194 0.154 0.623 
322 MBO_MBO46    (0)    2 :  0.022 0.004 0.204 0.134 0.636 
323 MBO_MBO47    (0)    2 :  0.022 0.004 0.213 0.133 0.627 
324 MBO_MBO48    (0)    2 :  0.020 0.005 0.206 0.122 0.647 
325 MBO_MBO49    (0)    2 :  0.023 0.004 0.218 0.134 0.621 
326 MBO_MBO50    (0)    2 :  0.021 0.004 0.201 0.114 0.660 
327 MBO_MBO51    (0)    2 :  0.022 0.004 0.205 0.105 0.664 
328 QBW_QBW1    (0)    2 :  0.021 0.004 0.187 0.135 0.653 
329 QBW_QBW2    (0)    2 :  0.019 0.004 0.191 0.114 0.671 
330 QBW_QBW3    (0)    2 :  0.022 0.004 0.188 0.132 0.654 
331 QBW_QBW4    (0)    2 :  0.033 0.003 0.192 0.181 0.591 
332 QBW_QBW5    (0)    2 :  0.028 0.004 0.201 0.114 0.653 
333 QBW_QBW6    (0)    2 :  0.024 0.005 0.182 0.115 0.674 
334 QBW_QBW7    (0)    2 :  0.022 0.004 0.194 0.152 0.627 
335 QBW_QBW8    (0)    2 :  0.027 0.004 0.207 0.137 0.625 
336 QBW_QBW9    (0)    2 :  0.042 0.004 0.222 0.126 0.606 
337 QBW_QBW10    (0)    2 :  0.026 0.004 0.196 0.132 0.642 
338 QBW_QBW11    (0)    2 :  0.020 0.004 0.208 0.132 0.635 
339 QBW_QBW12    (0)    2 :  0.023 0.004 0.195 0.156 0.622 
340 QBW_QBW13    (0)    2 :  0.023 0.004 0.202 0.129 0.642 
341 QBW_QBW14    (0)    2 :  0.021 0.005 0.200 0.116 0.657 
342 QBW_QBW15    (0)    2 :  0.028 0.004 0.190 0.140 0.638 
343 QBW_QBW16    (0)    2 :  0.026 0.004 0.204 0.143 0.623 
344 QBW_QBW17    (0)    2 :  0.026 0.004 0.184 0.151 0.635 
345 QBW_QBW18    (0)    2 :  0.019 0.005 0.201 0.133 0.642 
346 QBW_QBW19    (0)    2 :  0.020 0.004 0.200 0.105 0.671 
347 QBW_QBW20    (0)    2 :  0.020 0.005 0.198 0.122 0.655 
348 QBW_QBW21    (0)    2 :  0.021 0.005 0.195 0.140 0.640 
349 QBW_QBW22    (0)    2 :  0.024 0.005 0.192 0.132 0.648 
350 QBW_QBW23    (0)    2 :  0.019 0.004 0.210 0.119 0.647 
351 QBW_QBW24    (0)    2 :  0.022 0.004 0.200 0.106 0.669 
352 QBW_QBW25    (0)    2 :  0.030 0.005 0.206 0.124 0.635 
353 QBW_QBW26    (0)    2 :  0.025 0.004 0.193 0.135 0.644 
354 QBW_QBW27    (0)    2 :  0.021 0.004 0.188 0.118 0.670 
355 QBW_QBW28    (0)    2 :  0.021 0.004 0.224 0.125 0.625 
356 QBW_QBW29    (0)    2 :  0.021 0.003 0.199 0.140 0.637 
357 QBW_QBW30    (0)    2 :  0.022 0.005 0.204 0.124 0.646 
358 QBW_QBW31    (0)    2 :  0.022 0.004 0.181 0.143 0.650 
359 QBW_QBW32    (0)    2 :  0.026 0.004 0.205 0.143 0.623 
360 QBW_QBW33    (0)    2 :  0.026 0.004 0.184 0.151 0.635 
361 QBW_QBW34    (0)    2 :  0.019 0.005 0.205 0.134 0.637 
362 QBW_QBW35    (0)    2 :  0.020 0.004 0.200 0.105 0.671 
363 QBW_QBW36    (0)    2 :  0.020 0.005 0.198 0.122 0.655 
364 QBW_QBW37    (0)    2 :  0.027 0.004 0.217 0.113 0.639 
365 QBW_QBW38    (0)    2 :  0.028 0.004 0.192 0.126 0.649 
366 QBW_QBW39    (0)    2 :  0.023 0.005 0.193 0.132 0.647 
367 QBW_QBW40    (0)    2 :  0.024 0.004 0.202 0.120 0.650 
368 QBW_QBW41    (0)    2 :  0.034 0.004 0.204 0.122 0.637 
369 QBW_QBW42    (0)    2 :  0.019 0.004 0.212 0.142 0.623 
370 QBW_QBW43    (0)    2 :  0.047 0.005 0.219 0.106 0.623 
371 QBW_QBW44    (0)    2 :  0.029 0.004 0.212 0.118 0.636 
372 QBW_QBW45    (0)    2 :  0.035 0.005 0.212 0.122 0.626 
373 QBW_QBW46    (0)    2 :  0.018 0.005 0.193 0.123 0.660 
374 QBW_QBW47    (0)    2 :  0.025 0.004 0.224 0.133 0.614 
375 QBW_QBW48    (0)    2 :  0.019 0.005 0.189 0.118 0.669 
376 QBW_QBW49    (0)    2 :  0.036 0.004 0.202 0.132 0.627 
377 QBW_QBW50    (0)    2 :  0.023 0.003 0.196 0.150 0.627 
378 QBW_QBW51    (0)    2 :  0.026 0.004 0.184 0.201 0.585 
379 QBW_QBW52    (0)    2 :  0.018 0.005 0.200 0.115 0.662 
380 QBW_QBW53    (0)    2 :  0.021 0.005 0.212 0.154 0.609 
381 QBW_QBW54    (0)    2 :  0.023 0.004 0.178 0.130 0.664 
382 Ten_Ten1    (0)    2 :  0.027 0.004 0.210 0.107 0.652 
383 Ten_Ten2    (0)    2 :  0.021 0.004 0.186 0.115 0.675 
384 Ten_Ten3    (0)    2 :  0.028 0.004 0.205 0.120 0.642 
385 Ten_Ten4    (0)    2 :  0.020 0.004 0.209 0.144 0.623 
386 Ten_Ten5    (0)    2 :  0.019 0.004 0.184 0.115 0.677 
387 Ten_Ten6    (0)    2 :  0.020 0.004 0.178 0.108 0.690 
388 Ten_Ten7    (0)    2 :  0.041 0.005 0.212 0.174 0.568 
389 Ten_Ten8    (0)    2 :  0.021 0.008 0.200 0.131 0.639 
390 Ten_Ten9    (0)    2 :  0.025 0.004 0.185 0.137 0.648 
391 Ten_Ten10    (0)    2 :  0.025 0.004 0.190 0.147 0.634 
392 Ten_Ten11    (0)    2 :  0.033 0.006 0.203 0.117 0.641 
393 Ten_Ten12    (0)    2 :  0.026 0.004 0.199 0.131 0.639 
394 Ten_Ten13    (0)    2 :  0.033 0.004 0.194 0.128 0.640 
395 Ten_Ten14    (0)    2 :  0.022 0.004 0.196 0.144 0.634 
396 Ten_Ten15    (0)    2 :  0.024 0.004 0.181 0.154 0.637 
397 Ten_Ten16    (0)    2 :  0.022 0.004 0.193 0.110 0.671 
398 Ten_Ten17    (0)    2 :  0.020 0.004 0.204 0.155 0.617 
399 Ten_Ten18    (0)    2 :  0.032 0.004 0.197 0.126 0.640 
400 Ten_Ten19    (0)    2 :  0.024 0.004 0.202 0.139 0.631 
401 Ten_Ten20    (0)    2 :  0.023 0.004 0.187 0.131 0.655 
402 Ten_Ten21    (0)    2 :  0.021 0.005 0.206 0.150 0.617 
403 Ten_Ten22    (0)    2 :  0.019 0.004 0.191 0.121 0.665 
404 Ten_Ten23    (0)    2 :  0.023 0.004 0.196 0.161 0.616 
405 Ten_Ten24    (0)    2 :  0.025 0.004 0.190 0.138 0.644 
406 Ten_Ten25    (0)    2 :  0.031 0.005 0.201 0.121 0.643 
407 Ten_Ten26    (0)    2 :  0.022 0.004 0.192 0.155 0.627 
408 Ten_Ten27    (0)    2 :  0.021 0.005 0.197 0.142 0.636 
409 Ten_Ten28    (0)    2 :  0.028 0.004 0.209 0.149 0.611 
410 Ten_Ten29    (0)    2 :  0.019 0.004 0.192 0.111 0.674 
411 Ten_Ten30    (0)    2 :  0.020 0.004 0.191 0.112 0.673 
412 Ten_Ten31    (0)    2 :  0.026 0.004 0.208 0.151 0.611 
413 Ten_Ten32    (0)    2 :  0.020 0.004 0.191 0.129 0.656 
414 Ten_Ten33    (0)    2 :  0.027 0.004 0.217 0.151 0.601 
415 Ten_Ten34    (0)    2 :  0.019 0.004 0.224 0.108 0.645 
416 Ten_Ten35    (0)    2 :  0.018 0.004 0.213 0.124 0.641 
417 Ten_Ten36    (0)    2 :  0.033 0.004 0.217 0.140 0.607 
418 Ten_Ten37    (0)    2 :  0.018 0.004 0.205 0.103 0.670 
419 Ten_Ten38    (0)    2 :  0.024 0.004 0.198 0.112 0.662 
420 Ten_Ten39    (0)    2 :  0.035 0.004 0.192 0.119 0.650 
421 Ten_Ten40    (0)    2 :  0.020 0.004 0.183 0.126 0.667 
422 Ten_Ten41    (0)    2 :  0.019 0.004 0.192 0.125 0.659 
423 Ten_Ten42    (0)    2 :  0.048 0.004 0.200 0.138 0.610 
424 Ten_Ten43    (0)    2 :  0.021 0.005 0.200 0.111 0.663 
425 Ten_Ten44    (0)    2 :  0.035 0.004 0.201 0.116 0.644 
426 Ten_Ten45    (0)    2 :  0.019 0.004 0.182 0.112 0.683 
427 Ten_Ten46    (0)    2 :  0.021 0.004 0.196 0.146 0.632 
428 Ten_Ten47    (0)    2 :  0.018 0.004 0.207 0.152 0.619 
429 Ten_Ten48    (0)    2 :  0.030 0.004 0.187 0.121 0.658 
430 Ten_Ten49    (0)    2 :  0.022 0.004 0.201 0.105 0.669 
431 Ten_Ten50    (0)    2 :  0.021 0.005 0.188 0.142 0.644 
432 Ten_Ten51    (0)    2 :  0.018 0.004 0.184 0.108 0.686 
433 Ten_Ten52    (0)    2 :  0.031 0.004 0.191 0.162 0.613 
434 Tote_Tote1    (0)    2 :  0.022 0.004 0.200 0.117 0.657 
435 Tote_Tote2    (0)    2 :  0.027 0.004 0.187 0.175 0.607 
436 Tote_Tote3    (0)    2 :  0.022 0.006 0.198 0.133 0.641 
437 Tote_Tote4    (0)    2 :  0.028 0.005 0.211 0.114 0.642 
438 Tote_Tote5    (0)    2 :  0.028 0.004 0.195 0.126 0.648 
439 Tote_Tote6    (0)    2 :  0.024 0.005 0.209 0.141 0.621 
440 Tote_Tote7    (0)    2 :  0.032 0.004 0.214 0.145 0.605 
441 Tote_Tote8    (0)    2 :  0.021 0.006 0.218 0.102 0.653 
442 Tote_Tote1_    (0)    2 :  0.022 0.004 0.193 0.146 0.635 
443 Tote_Tote1_    (0)    2 :  0.019 0.004 0.204 0.112 0.661 
444 Tote_Tote1_    (0)    2 :  0.022 0.005 0.209 0.151 0.614 
445 Tote_Tote1_    (0)    2 :  0.029 0.004 0.204 0.143 0.620 
446 Tote_Tote1_    (0)    2 :  0.027 0.004 0.195 0.147 0.626 
447 Tote_Tote1_    (0)    2 :  0.033 0.004 0.198 0.140 0.624 
448 Tote_Tote1_    (0)    2 :  0.038 0.004 0.214 0.169 0.576 
449 Tote_Tote1_    (0)    2 :  0.025 0.005 0.199 0.192 0.579 
450 Tote_Tote1_    (0)    2 :  0.031 0.004 0.204 0.114 0.647 
451 Tote_Tote2_    (0)    2 :  0.024 0.005 0.203 0.135 0.632 
452 Tote_Tote2_    (0)    2 :  0.024 0.004 0.198 0.127 0.648 
453 Tote_Tote2_    (0)    2 :  0.021 0.004 0.201 0.150 0.624 
454 Tote_Tote2_    (0)    2 :  0.021 0.005 0.212 0.122 0.641 
455 Tote_Tote2_    (0)    2 :  0.031 0.006 0.199 0.130 0.633 
456 Tote_Tote2_    (0)    2 :  0.018 0.004 0.188 0.116 0.674 
457 Tote_Tote2_    (0)    2 :  0.020 0.004 0.197 0.121 0.657 
458 Tote_Tote2_    (0)    2 :  0.020 0.004 0.179 0.122 0.675 
459 Tote_Tote2_    (0)    2 :  0.020 0.004 0.203 0.131 0.642 
460 Tote_Tote2_    (0)    2 :  0.021 0.004 0.186 0.116 0.673 
461 Tote_Tote3_    (0)    2 :  0.033 0.004 0.200 0.176 0.587 
462 Tote_Tote3_    (0)    2 :  0.022 0.003 0.217 0.102 0.655 
463 Tote_Tote3_    (0)    2 :  0.024 0.004 0.201 0.129 0.642 
464 Tote_Tote3_    (0)    2 :  0.025 0.005 0.206 0.127 0.637 
465 Tote_Tote3_    (0)    2 :  0.021 0.005 0.198 0.139 0.637 
466 Tote_Tote3_    (0)    2 :  0.038 0.006 0.202 0.129 0.625 
467 Tote_Tote3_    (0)    2 :  0.039 0.004 0.226 0.129 0.602 
468 Tote_Tote3_    (0)    2 :  0.021 0.004 0.199 0.135 0.640 
469 Tote_Tote3_    (0)    2 :  0.023 0.004 0.191 0.140 0.641 
470 Tote_Tote3_    (0)    2 :  0.035 0.004 0.206 0.172 0.583 
471 Tote_Tote4_    (0)    2 :  0.024 0.004 0.208 0.137 0.628 
472 Tote_Tote4_    (0)    2 :  0.022 0.005 0.212 0.115 0.646 
473 Tote_Tote4_    (0)    2 :  0.019 0.005 0.198 0.113 0.666 
474 Tote_Tote4_    (0)    2 :  0.032 0.006 0.197 0.158 0.607 
475 Tote_Tote4_    (0)    2 :  0.028 0.005 0.199 0.148 0.621 
476 Tote_Tote4_    (0)    2 :  0.026 0.004 0.199 0.138 0.632 
477 Tote_Tote4_    (0)    2 :  0.025 0.005 0.199 0.154 0.617 
478 Tote_Tote4_    (0)    2 :  0.024 0.004 0.202 0.109 0.661 
479 Tote_Tote4_    (0)    2 :  0.031 0.005 0.206 0.107 0.652 
480 Tote_Tote4_    (0)    2 :  0.036 0.004 0.207 0.109 0.644 
481 Tote_Tote5_    (0)    2 :  0.023 0.005 0.192 0.153 0.628 
482 Tote_Tote5_    (0)    2 :  0.021 0.004 0.209 0.146 0.620 
483 Tote_Tote5_    (0)    2 :  0.021 0.004 0.197 0.143 0.634 
484 Tote_Tote5_    (0)    2 :  0.017 0.004 0.202 0.112 0.665 
485 Tote_Tote5_    (0)    2 :  0.024 0.004 0.180 0.136 0.656 
486 Tote_Tote5_    (0)    2 :  0.017 0.004 0.220 0.114 0.644 
487 Taga_Taga1    (0)    3 :  0.111 0.003 0.114 0.765 0.007 
488 Taga_Taga2    (0)    3 :  0.116 0.004 0.148 0.724 0.008 
489 Taga_Taga3    (0)    3 :  0.092 0.003 0.129 0.767 0.008 
490 Taga_Taga4    (0)    3 :  0.108 0.003 0.123 0.758 0.007 
491 Taga_Taga5    (0)    3 :  0.121 0.003 0.134 0.733 0.008 
492 Taga_Taga6    (0)    3 :  0.109 0.005 0.144 0.731 0.011 
493 Taga_Taga7    (0)    3 :  0.108 0.003 0.141 0.739 0.008 
494 Taga_Taga8    (0)    3 :  0.123 0.004 0.122 0.743 0.008 
495 Taga_Taga9    (0)    3 :  0.098 0.003 0.119 0.772 0.008 
496 Taga_Taga1_    (0)    3 :  0.112 0.004 0.156 0.718 0.010 
497 Taga_Taga1_    (0)    3 :  0.155 0.004 0.124 0.709 0.009 
498 Taga_Taga1_    (0)    3 :  0.117 0.003 0.145 0.726 0.009 
499 Taga_Taga1_    (0)    3 :  0.094 0.004 0.147 0.746 0.009 
500 Taga_Taga1_    (0)    3 :  0.109 0.003 0.137 0.743 0.008 
501 Taga_Taga1_    (0)    3 :  0.101 0.003 0.133 0.755 0.008 
502 Taga_Taga1_    (0)    3 :  0.135 0.003 0.124 0.731 0.007 
503 Taga_Taga1_    (0)    3 :  0.143 0.003 0.125 0.721 0.007 
504 Taga_Taga1_    (0)    3 :  0.124 0.003 0.122 0.743 0.008 
505 Taga_Taga1_    (0)    3 :  0.125 0.003 0.117 0.747 0.007 
506 Taga_Taga2_    (0)    3 :  0.118 0.003 0.120 0.751 0.007 
507 Taga_Taga2_    (0)    3 :  0.106 0.003 0.116 0.768 0.007 
508 Taga_Taga2_    (0)    3 :  0.121 0.005 0.155 0.711 0.009 
509 Taga_Taga2_    (0)    3 :  0.109 0.003 0.159 0.718 0.011 
510 Taga_Taga2_    (0)    3 :  0.106 0.003 0.135 0.747 0.008 
511 Taga_Taga2_    (0)    3 :  0.109 0.004 0.123 0.757 0.008 
512 Taga_Taga2_    (0)    3 :  0.108 0.003 0.120 0.762 0.007 
513 Taga_Taga2_    (0)    3 :  0.118 0.003 0.115 0.756 0.007 
514 Taga_Taga2_    (0)    3 :  0.094 0.004 0.126 0.768 0.009 
515 Taga_Taga2_    (0)    3 :  0.128 0.003 0.132 0.729 0.007 
516 Taga_Taga3_    (0)    3 :  0.123 0.003 0.137 0.728 0.009 
517 Taga_Taga3_    (0)    3 :  0.094 0.003 0.132 0.764 0.008 
518 Taga_Taga3_    (0)    3 :  0.102 0.003 0.125 0.763 0.008 
519 Taga_Taga3_    (0)    3 :  0.135 0.003 0.111 0.745 0.007 
520 Taga_Taga3_    (0)    3 :  0.094 0.004 0.161 0.727 0.014 
521 Taga_Taga3_    (0)    3 :  0.104 0.003 0.132 0.754 0.008 
522 Taga_Taga3_    (0)    3 :  0.115 0.003 0.117 0.758 0.007 
523 Taga_Taga3_    (0)    3 :  0.108 0.004 0.143 0.736 0.009 
524 Taga_Taga3_    (0)    3 :  0.117 0.003 0.143 0.728 0.008 
525 Taga_Taga3_    (0)    3 :  0.117 0.003 0.112 0.761 0.007 
526 Taga_Taga4_    (0)    3 :  0.116 0.003 0.124 0.750 0.008 
527 Taga_Taga4_    (0)    3 :  0.111 0.003 0.115 0.765 0.007 
528 Taga_Taga4_    (0)    3 :  0.110 0.003 0.106 0.775 0.006 
529 Taga_Taga4_    (0)    3 :  0.124 0.004 0.147 0.715 0.010 
530 Taga_Taga4_    (0)    3 :  0.104 0.004 0.135 0.748 0.009 
531 Taga_Taga4_    (0)    3 :  0.097 0.004 0.129 0.762 0.008 
532 Taga_Taga4_    (0)    3 :  0.113 0.003 0.158 0.713 0.013 
533 Taga_Taga4_    (0)    3 :  0.098 0.003 0.159 0.730 0.010 
534 Taga_Taga4_    (0)    3 :  0.121 0.003 0.170 0.697 0.010 
535 Taga_Taga4_    (0)    3 :  0.130 0.003 0.133 0.726 0.008 
536 Taga_Taga5_    (0)    3 :  0.108 0.003 0.115 0.768 0.007 
537 Taga_Taga5_    (0)    3 :  0.117 0.003 0.134 0.738 0.008 
538 Taga_Taga5_    (0)    3 :  0.117 0.003 0.115 0.758 0.007 
539 Mata_Mata1    (0)    3 :  0.126 0.003 0.122 0.741 0.008 
540 Mata_Mata2    (0)    3 :  0.105 0.003 0.113 0.772 0.007 
541 Mata_Mata3    (0)    3 :  0.124 0.003 0.115 0.751 0.006 
542 Mata_Mata4    (0)    3 :  0.135 0.003 0.115 0.739 0.008 
543 Mata_Mata5    (0)    3 :  0.117 0.003 0.136 0.736 0.008 
544 Mata_Mata6    (0)    3 :  0.105 0.003 0.120 0.765 0.007 
545 Mata_Mata7    (0)    3 :  0.117 0.004 0.138 0.732 0.009 
546 Mata_Mata8    (0)    3 :  0.124 0.004 0.135 0.730 0.008 
547 Mata_Mata9    (0)    3 :  0.140 0.003 0.145 0.703 0.009 
548 Mata_Mata1_    (0)    3 :  0.137 0.003 0.120 0.733 0.007 
549 Mata_Mata1_    (0)    3 :  0.112 0.003 0.135 0.741 0.009 
550 Mata_Mata1_    (0)    3 :  0.114 0.004 0.151 0.721 0.010 
551 Mata_Mata1_    (0)    3 :  0.108 0.005 0.178 0.700 0.009 
552 Mata_Mata1_    (0)    3 :  0.119 0.003 0.118 0.753 0.007 
553 Mata_Mata1_    (0)    3 :  0.155 0.004 0.162 0.670 0.009 
554 Mata_Mata1_    (0)    3 :  0.127 0.003 0.125 0.737 0.008 
555 Mata_Mata1_    (0)    3 :  0.127 0.003 0.115 0.748 0.007 
556 Mata_Mata1_    (0)    3 :  0.126 0.003 0.135 0.727 0.009 
557 Mata_Mata1_    (0)    3 :  0.107 0.004 0.131 0.751 0.008 
558 Mata_Mata2_    (0)    3 :  0.117 0.004 0.161 0.705 0.013 
559 Mata_Mata2_    (0)    3 :  0.097 0.003 0.149 0.741 0.009 
560 Mata_Mata2_    (0)    3 :  0.123 0.003 0.132 0.733 0.009 
561 Mata_Mata2_    (0)    3 :  0.136 0.004 0.154 0.697 0.010 
562 Mata_Mata2_    (0)    3 :  0.096 0.004 0.168 0.721 0.011 
563 Mata_Mata2_    (0)    3 :  0.091 0.004 0.152 0.742 0.011 
564 Mata_Mata2_    (0)    3 :  0.097 0.004 0.139 0.752 0.009 
565 Mata_Mata2_    (0)    3 :  0.107 0.003 0.120 0.763 0.007 
566 Mata_Mata2_    (0)    3 :  0.127 0.004 0.173 0.684 0.011 
567 Mata_Mata3_    (0)    3 :  0.099 0.005 0.129 0.760 0.007 
568 Mata_Mata3_    (0)    3 :  0.118 0.004 0.138 0.732 0.008 
569 Mata_Mata3_    (0)    3 :  0.104 0.004 0.144 0.741 0.008 
570 Mata_Mata3_    (0)    3 :  0.112 0.003 0.117 0.761 0.007 
571 Mata_Mata3_    (0)    3 :  0.110 0.003 0.124 0.755 0.007 
572 Mata_Mata3_    (0)    3 :  0.133 0.003 0.129 0.727 0.007 
573 Mata_Mata3_    (0)    3 :  0.128 0.004 0.135 0.725 0.008 
574 Mata_Mata3_    (0)    3 :  0.123 0.003 0.126 0.740 0.008 
575 Mata_Mata3_    (0)    3 :  0.097 0.003 0.111 0.783 0.007 
576 Mata_Mata4_    (0)    3 :  0.116 0.003 0.107 0.767 0.007 
577 Mata_Mata4_    (0)    3 :  0.123 0.003 0.116 0.751 0.007 
578 Mata_Mata4_    (0)    3 :  0.106 0.004 0.130 0.753 0.007 
579 Mata_Mata4_    (0)    3 :  0.112 0.003 0.123 0.754 0.008 
580 Mata_Mata4_    (0)    3 :  0.132 0.003 0.141 0.716 0.007 
581 Mata_Mata4_    (0)    3 :  0.101 0.003 0.108 0.782 0.006 
582 Mata_Mata4_    (0)    3 :  0.119 0.003 0.138 0.732 0.008 
583 Mata_Mata4_    (0)    3 :  0.126 0.003 0.114 0.750 0.007 
584 Mata_Mata4_    (0)    3 :  0.115 0.003 0.136 0.737 0.008 
585 Mata_Mata4_    (0)    3 :  0.121 0.003 0.110 0.760 0.006 
586 Mata_Mata5_    (0)    3 :  0.116 0.006 0.162 0.707 0.009 
587 Muaiv_Muai    (0)    3 :  0.128 0.003 0.155 0.706 0.008 
588 Muaiv_Muai_    (0)    3 :  0.154 0.003 0.156 0.680 0.008 
589 Muaiv_Muai_    (0)    3 :  0.110 0.003 0.129 0.750 0.007 
590 Muaiv_Muai_    (0)    3 :  0.154 0.003 0.124 0.711 0.007 
591 Muaiv_Muai_    (0)    3 :  0.117 0.003 0.141 0.732 0.008 
592 Muaiv_Muai_    (0)    3 :  0.127 0.004 0.127 0.734 0.009 
593 Muaiv_Muai_    (0)    3 :  0.122 0.003 0.125 0.742 0.007 
594 Muaiv_Muai_    (0)    3 :  0.119 0.004 0.125 0.743 0.008 
595 Muaiv_Muai_    (0)    3 :  0.153 0.003 0.121 0.717 0.007 
596 Muaiv_Muai_    (0)    3 :  0.112 0.003 0.125 0.752 0.007 
597 Muaiv_Muai_    (0)    3 :  0.118 0.004 0.178 0.690 0.011 
598 Muaiv_Muai_    (0)    3 :  0.152 0.003 0.131 0.707 0.008 
599 Muaiv_Muai_    (0)    3 :  0.129 0.005 0.131 0.729 0.008 
600 Muaiv_Muai_    (0)    3 :  0.124 0.004 0.148 0.715 0.009 
601 Muaiv_Muai_    (0)    3 :  0.105 0.003 0.113 0.772 0.007 
602 Muaiv_Muai_    (0)    3 :  0.106 0.003 0.136 0.746 0.009 
603 Muaiv_Muai_    (0)    3 :  0.113 0.003 0.120 0.758 0.007 
604 Muaiv_Muai_    (0)    3 :  0.130 0.004 0.180 0.670 0.016 
605 Muaiv_Muai_    (0)    3 :  0.119 0.003 0.143 0.727 0.008 
606 Muaiv_Muai_    (0)    3 :  0.133 0.003 0.119 0.739 0.007 
607 Muaiv_Muai_    (0)    3 :  0.116 0.003 0.110 0.765 0.007 
608 Muaiv_Muai_    (0)    3 :  0.136 0.003 0.138 0.714 0.008 
609 Muaiv_Muai_    (0)    3 :  0.128 0.003 0.154 0.708 0.008 
610 Muaiv_Muai_    (0)    3 :  0.143 0.004 0.151 0.694 0.008 
611 Muaiv_Muai_    (0)    3 :  0.128 0.003 0.146 0.715 0.008 
612 Muaiv_Muai_    (0)    3 :  0.117 0.003 0.119 0.754 0.007 
613 Muaiv_Muai_    (0)    3 :  0.151 0.003 0.114 0.725 0.007 
