

----------------------------------------------------
STRUCTURE by Pritchard, Stephens and Donnelly (2000)
     and Falush, Stephens and Pritchard (2003)
       Code by Pritchard, Falush and Hubisz
             Version 2.3.4 (Jul 2012)
----------------------------------------------------



Command line arguments:   /opt/anaconda3/bin/structure -K 4 -i /data/home/edc5240/Daruanus/Daruanus_All_8locus_stru.txt -o /data/home/edc5240/Daruanus/output/str_K4_rep4 -D 87549 -m /data/home/edc5240/Daruanus/mainparams -e /data/home/edc5240/Daruanus/extraparams 
Input File:    /data/home/edc5240/Daruanus/Daruanus_All_8locus_stru.txt

Run parameters:
   1358 individuals
   8 loci
   4 populations assumed
   250000 Burn-in period
   1000000 Reps
LOCPRIOR model used
RANDOMIZE turned off


--------------------------------------------
Proportion of membership of each pre-defined
 population in each of the 4 clusters

Given    Inferred Clusters              Number of
 Pop       1      2      3      4      Individuals

  1:     0.272  0.011  0.709  0.008       72
  2:     0.864  0.102  0.007  0.027      414
  3:     0.082  0.776  0.006  0.137      358
  4:     0.015  0.076  0.008  0.901      441
  5:     0.019  0.045  0.005  0.931       73
--------------------------------------------

Allele-freq. divergence among pops (Net nucleotide distance),
computed using point estimates of P.

      1       2       3       4      
 1      -    0.0329  0.0097  0.0393  
 2   0.0329     -    0.0440  0.0383  
 3   0.0097  0.0440     -    0.0495  
 4   0.0393  0.0383  0.0495     -    

Average distances (expected heterozygosity) between individuals in same cluster:
cluster  1  : 0.9068 
cluster  2  : 0.8173 
cluster  3  : 0.8924 
cluster  4  : 0.8348 

--------------------------------------------
Estimated Ln Prob of Data   = -55471.4
Mean value of ln likelihood = -54885.9
Variance of ln likelihood   = 1171.1
Mean value of alpha         = 6.0046

Mean value of alpha_local for each location:
	location  1:  5.2931  0.2292  13.9968  0.1593
	location  2:  15.8428  1.9312  0.1252  0.5006
	location  3:  2.3177  22.0247  0.1732  3.9860
	location  4:  0.2107  1.1979  0.1134  12.9814
	location  5:  0.6777  1.5096  0.1997  30.3688

Mean value of Fst_1         = 0.0044
Mean value of Fst_2         = 0.0480
Mean value of Fst_3         = 0.0280
Mean value of Fst_4         = 0.0670

Mean value of r = 0.0732

Inferred ancestry of individuals:
        Label (%Miss) Pop:  Inferred clusters
  1 Lion_Lion1    (0)    1 :  0.231 0.009 0.753 0.007 
  2 Lion_Lion2    (0)    1 :  0.271 0.015 0.705 0.010 
  3 Lion_Lion3    (0)    1 :  0.245 0.012 0.734 0.009 
  4 Lion_Lion4    (0)    1 :  0.277 0.012 0.700 0.011 
  5 Lion_Lion5    (0)    1 :  0.251 0.009 0.733 0.007 
  6 Lion_Lion6    (0)    1 :  0.290 0.009 0.695 0.006 
  7 Lion_Lion7    (0)    1 :  0.285 0.010 0.698 0.007 
  8 Lion_Lion8    (0)    1 :  0.269 0.011 0.713 0.008 
  9 Lion_Lion9    (0)    1 :  0.241 0.014 0.732 0.013 
 10 Lion_Lion10    (0)    1 :  0.341 0.008 0.646 0.005 
 11 Lion_Lion11    (0)    1 :  0.260 0.011 0.722 0.007 
 12 Lion_Lion13    (0)    1 :  0.283 0.011 0.697 0.009 
 13 Lion_Lion14    (0)    1 :  0.245 0.009 0.736 0.009 
 14 Lion_Lion15    (0)    1 :  0.295 0.009 0.689 0.007 
 15 Lion_Lion16    (0)    1 :  0.287 0.009 0.698 0.006 
 16 Lion_Lion17    (0)    1 :  0.240 0.009 0.743 0.007 
 17 Lion_Lion18    (0)    1 :  0.263 0.009 0.721 0.006 
 18 Lion_Lion19    (0)    1 :  0.280 0.017 0.694 0.009 
 19 Lion_Lion20    (0)    1 :  0.319 0.014 0.658 0.009 
 20 Lion_Lion21    (0)    1 :  0.306 0.009 0.678 0.007 
 21 Lion_Lion22    (0)    1 :  0.231 0.008 0.756 0.006 
 22 Lion_Lion23    (0)    1 :  0.270 0.009 0.715 0.006 
 23 Lion_Lion24    (0)    1 :  0.289 0.016 0.688 0.007 
 24 Lion_Lion25    (0)    1 :  0.268 0.012 0.712 0.008 
 25 Lion_Lion26    (0)    1 :  0.265 0.009 0.718 0.008 
 26 Lion_Lion27    (0)    1 :  0.271 0.011 0.712 0.007 
 27 Lion_Lion28    (0)    1 :  0.251 0.009 0.732 0.008 
 28 Lion_Lion29    (0)    1 :  0.262 0.008 0.725 0.005 
 29 Lion_Lion30    (0)    1 :  0.305 0.012 0.672 0.010 
 30 Lion_Lion31    (0)    1 :  0.245 0.010 0.740 0.006 
 31 Lion_Lion32    (0)    1 :  0.219 0.007 0.769 0.005 
 32 Lion_Lion33    (0)    1 :  0.292 0.009 0.693 0.007 
 33 Lion_Lion34    (0)    1 :  0.242 0.008 0.742 0.008 
 34 Lion_Lion36    (0)    1 :  0.293 0.011 0.690 0.006 
 35 Lion_Lion38    (0)    1 :  0.272 0.010 0.713 0.005 
 36 Lion_Lion39    (0)    1 :  0.282 0.008 0.704 0.006 
 37 Lion_Lion40    (0)    1 :  0.244 0.012 0.737 0.007 
 38 Lion_Lion41    (0)    1 :  0.317 0.016 0.660 0.007 
 39 Lion_Lion42    (0)    1 :  0.299 0.011 0.684 0.006 
 40 Lion_Lion43    (0)    1 :  0.294 0.010 0.689 0.008 
 41 Lion_Lion44    (0)    1 :  0.283 0.015 0.696 0.006 
 42 Lion_Lion45    (0)    1 :  0.235 0.011 0.744 0.010 
 43 Lion_Lion46    (0)    1 :  0.239 0.013 0.737 0.011 
 44 Lion_Lion47    (0)    1 :  0.268 0.013 0.711 0.009 
 45 Lion_Lion48    (0)    1 :  0.305 0.011 0.678 0.006 
 46 Lion_Lion49    (0)    1 :  0.288 0.011 0.694 0.007 
 47 Lion_Lion50    (0)    1 :  0.317 0.012 0.664 0.007 
 48 Lion_Lion51    (0)    1 :  0.253 0.009 0.732 0.005 
 49 Lion_Lion52    (0)    1 :  0.275 0.012 0.704 0.009 
 50 Lolo_Lolo1    (0)    1 :  0.220 0.011 0.761 0.007 
 51 Lolo_Lolo2    (0)    1 :  0.232 0.011 0.748 0.009 
 52 Lolo_Lolo3    (0)    1 :  0.258 0.011 0.725 0.007 
 53 Lolo_Lolo4    (0)    1 :  0.267 0.010 0.715 0.008 
 54 Lolo_Lolo5    (0)    1 :  0.260 0.012 0.720 0.008 
 55 Lolo_Lolo6    (0)    1 :  0.299 0.010 0.676 0.014 
 56 Lolo_Lolo7    (0)    1 :  0.258 0.009 0.726 0.006 
 57 Lolo_Lolo8    (0)    1 :  0.243 0.010 0.736 0.010 
 58 Lolo_Lolo9    (0)    1 :  0.244 0.011 0.736 0.008 
 59 Manu_Manu1    (0)    1 :  0.251 0.011 0.732 0.006 
 60 Manu_Manu2    (0)    1 :  0.287 0.013 0.691 0.009 
 61 Manu_Manu3    (0)    1 :  0.287 0.010 0.697 0.006 
 62 Manu_Manu4    (0)    1 :  0.271 0.015 0.705 0.009 
 63 Manu_Manu5    (0)    1 :  0.310 0.010 0.664 0.016 
 64 Manu_Manu6    (0)    1 :  0.324 0.010 0.660 0.007 
 65 Manu_Manu7    (0)    1 :  0.286 0.009 0.698 0.007 
 66 Manu_Manu8    (0)    1 :  0.283 0.010 0.701 0.006 
 67 Manu_Manu9    (0)    1 :  0.287 0.016 0.686 0.011 
 68 Manu_Manu10    (0)    1 :  0.319 0.009 0.663 0.009 
 69 Manu_Manu11    (0)    1 :  0.282 0.010 0.701 0.007 
 70 Manu_Manu13    (0)    1 :  0.245 0.019 0.728 0.008 
 71 Manu_Manu14    (0)    1 :  0.300 0.008 0.686 0.006 
 72 Manu_Manu15    (0)    1 :  0.240 0.008 0.745 0.006 
 73   Go_Go1    (0)    2 :  0.855 0.111 0.008 0.027 
 74   Go_Go2    (0)    2 :  0.848 0.114 0.007 0.031 
 75   Go_Go3    (0)    2 :  0.864 0.105 0.007 0.024 
 76   Go_Go4    (0)    2 :  0.877 0.096 0.006 0.021 
 77   Go_Go5    (0)    2 :  0.861 0.104 0.007 0.028 
 78   Go_Go6    (0)    2 :  0.882 0.092 0.007 0.020 
 79   Go_Go7    (0)    2 :  0.858 0.113 0.006 0.023 
 80   Go_Go8    (0)    2 :  0.867 0.105 0.009 0.019 
 81   Go_Go9    (0)    2 :  0.867 0.085 0.009 0.039 
 82  Go_Go10    (0)    2 :  0.871 0.099 0.006 0.024 
 83  Go_Go11    (0)    2 :  0.870 0.103 0.006 0.022 
 84  Go_Go12    (0)    2 :  0.859 0.105 0.008 0.028 
 85  Go_Go13    (0)    2 :  0.884 0.085 0.005 0.026 
 86  Go_Go14    (0)    2 :  0.860 0.102 0.006 0.031 
 87  Go_Go15    (0)    2 :  0.866 0.105 0.006 0.023 
 88  Go_Go16    (0)    2 :  0.872 0.098 0.007 0.023 
 89  Go_Go17    (0)    2 :  0.865 0.103 0.006 0.025 
 90  Go_Go18    (0)    2 :  0.852 0.113 0.008 0.027 
 91  Go_Go19    (0)    2 :  0.835 0.121 0.006 0.038 
 92  Go_Go20    (0)    2 :  0.867 0.106 0.007 0.020 
 93  Go_Go21    (0)    2 :  0.874 0.096 0.006 0.024 
 94  Go_Go22    (0)    2 :  0.874 0.095 0.008 0.023 
 95  Go_Go23    (0)    2 :  0.841 0.125 0.006 0.028 
 96  Go_Go24    (0)    2 :  0.871 0.096 0.006 0.027 
 97  Go_Go25    (0)    2 :  0.845 0.124 0.007 0.025 
 98  Go_Go27    (0)    2 :  0.840 0.105 0.006 0.048 
 99  Go_Go28    (0)    2 :  0.845 0.103 0.007 0.045 
100  Go_Go29    (0)    2 :  0.802 0.151 0.006 0.042 
101  Go_Go30    (0)    2 :  0.896 0.075 0.006 0.022 
102  Go_Go31    (0)    2 :  0.847 0.125 0.006 0.023 
103  Go_Go32    (0)    2 :  0.846 0.113 0.006 0.035 
104  Go_Go33    (0)    2 :  0.889 0.082 0.006 0.024 
105  Go_Go34    (0)    2 :  0.856 0.114 0.005 0.024 
106  Go_Go35    (0)    2 :  0.852 0.114 0.007 0.028 
107  Go_Go36    (0)    2 :  0.858 0.116 0.006 0.020 
108  Go_Go37    (0)    2 :  0.869 0.100 0.007 0.024 
109  Go_Go38    (0)    2 :  0.892 0.084 0.007 0.018 
110  Go_Go39    (0)    2 :  0.826 0.140 0.007 0.028 
111  Go_Go40    (0)    2 :  0.858 0.112 0.007 0.023 
112  Go_Go41    (0)    2 :  0.862 0.111 0.006 0.021 
113  Go_Go42    (0)    2 :  0.795 0.161 0.006 0.038 
114  Go_Go43    (0)    2 :  0.824 0.140 0.006 0.031 
115  Go_Go44    (0)    2 :  0.863 0.098 0.007 0.032 
116  Go_Go45    (0)    2 :  0.876 0.097 0.006 0.021 
117  Go_Go46    (0)    2 :  0.861 0.106 0.008 0.025 
118  Go_Go47    (0)    2 :  0.861 0.099 0.006 0.033 
119  Go_Go48    (0)    2 :  0.884 0.090 0.006 0.020 
120  Go_Go49    (0)    2 :  0.871 0.093 0.007 0.029 
121  Go_Go50    (0)    2 :  0.871 0.097 0.007 0.024 
122  Go_Go51    (0)    2 :  0.902 0.068 0.007 0.023 
123  Go_Go52    (0)    2 :  0.882 0.090 0.005 0.023 
124  Go_Go53    (0)    2 :  0.877 0.092 0.007 0.024 
125  Go_Go54    (0)    2 :  0.883 0.085 0.006 0.026 
126  Go_Go55    (0)    2 :  0.895 0.079 0.006 0.020 
127  Go_Go56    (0)    2 :  0.867 0.099 0.006 0.028 
128 Hie_Hie2    (0)    2 :  0.887 0.082 0.005 0.026 
129 Hie_Hie3    (0)    2 :  0.853 0.106 0.006 0.034 
130 Hie_Hie4    (0)    2 :  0.845 0.124 0.005 0.026 
131 Hie_Hie5    (0)    2 :  0.875 0.096 0.006 0.022 
132 Hie_Hie6    (0)    2 :  0.859 0.104 0.008 0.029 
133 Hie_Hie7    (0)    2 :  0.850 0.108 0.006 0.035 
134 Hie_Hie8    (0)    2 :  0.857 0.110 0.007 0.027 
135 Hie_Hie9    (0)    2 :  0.862 0.102 0.009 0.028 
136 Hie_Hie11    (0)    2 :  0.819 0.144 0.008 0.030 
137 Hie_Hie12    (0)    2 :  0.882 0.090 0.005 0.023 
138 Hie_Hie13    (0)    2 :  0.867 0.104 0.007 0.022 
139 Hie_Hie14    (0)    2 :  0.889 0.084 0.007 0.020 
140 Hie_Hie15    (0)    2 :  0.859 0.103 0.006 0.032 
141 Hie_Hie16    (0)    2 :  0.892 0.080 0.007 0.021 
142 Hie_Hie17    (0)    2 :  0.791 0.158 0.006 0.045 
143 Hie_Hie18    (0)    2 :  0.878 0.094 0.006 0.022 
144 Hie_Hie19    (0)    2 :  0.844 0.123 0.005 0.027 
145 Hie_Hie20    (0)    2 :  0.859 0.100 0.005 0.036 
146 Hie_Hie21    (0)    2 :  0.853 0.116 0.007 0.024 
147 Hie_Hie22    (0)    2 :  0.869 0.099 0.006 0.026 
148 Hie_Hie23    (0)    2 :  0.889 0.084 0.006 0.021 
149 Hie_Hie24    (0)    2 :  0.876 0.094 0.006 0.024 
150 Hie_Hie25    (0)    2 :  0.856 0.113 0.006 0.026 
151 Hie_Hie26    (0)    2 :  0.892 0.083 0.006 0.019 
152 Hie_Hie27    (0)    2 :  0.860 0.109 0.008 0.023 
153 Hie_Hie28    (0)    2 :  0.859 0.098 0.005 0.038 
154 Hie_Hie29    (0)    2 :  0.848 0.101 0.006 0.045 
155 Hie_Hie30    (0)    2 :  0.879 0.090 0.007 0.025 
156 Hie_Hie31    (0)    2 :  0.875 0.092 0.006 0.028 
157 Hie_Hie32    (0)    2 :  0.885 0.085 0.006 0.024 
158 Hie_Hie33    (0)    2 :  0.862 0.104 0.006 0.027 
159 Hie_Hie34    (0)    2 :  0.859 0.108 0.006 0.026 
160 Hie_Hie35    (0)    2 :  0.869 0.104 0.006 0.022 
161 Hie_Hie36    (0)    2 :  0.870 0.100 0.006 0.023 
162 Hie_Hie37    (0)    2 :  0.864 0.101 0.007 0.028 
163 Hie_Hie38    (0)    2 :  0.877 0.086 0.006 0.031 
164 Hie_Hie39    (0)    2 :  0.856 0.112 0.009 0.023 
165 Hie_Hie40    (0)    2 :  0.875 0.095 0.007 0.024 
166 Hie_Hie41    (0)    2 :  0.875 0.088 0.011 0.026 
167 Hie_Hie42    (0)    2 :  0.775 0.164 0.009 0.051 
168 Hie_Hie43    (0)    2 :  0.832 0.107 0.007 0.054 
169 Hie_Hie44    (0)    2 :  0.882 0.095 0.006 0.018 
170 Hie_Hie45    (0)    2 :  0.820 0.144 0.007 0.029 
171 Hie_Hie46    (0)    2 :  0.869 0.098 0.006 0.027 
172 Hie_Hie47    (0)    2 :  0.887 0.087 0.006 0.020 
173 Hie_Hie48    (0)    2 :  0.863 0.106 0.007 0.024 
174 Hie_Hie49    (0)    2 :  0.888 0.087 0.005 0.019 
175 Lar_Lar1    (0)    2 :  0.889 0.084 0.007 0.020 
176 Lar_Lar2    (0)    2 :  0.882 0.084 0.007 0.028 
177 Lar_Lar3    (0)    2 :  0.842 0.111 0.006 0.041 
178 Lar_Lar4    (0)    2 :  0.859 0.106 0.006 0.029 
179 Lar_Lar5    (0)    2 :  0.872 0.098 0.006 0.024 
180 Lar_Lar6    (0)    2 :  0.885 0.085 0.006 0.024 
181 Lar_Lar7    (0)    2 :  0.824 0.137 0.006 0.033 
182 Lar_Lar8    (0)    2 :  0.851 0.118 0.007 0.025 
183 Lar_Lar10    (0)    2 :  0.857 0.106 0.007 0.030 
184 Lar_Lar11    (0)    2 :  0.867 0.093 0.006 0.034 
185 Lar_Lar12    (0)    2 :  0.840 0.123 0.006 0.031 
186 Lar_Lar14    (0)    2 :  0.871 0.101 0.006 0.021 
187 Lar_Lar15    (0)    2 :  0.874 0.094 0.006 0.027 
188 Lar_Lar16    (0)    2 :  0.876 0.092 0.007 0.025 
189 Lar_Lar17    (0)    2 :  0.828 0.143 0.006 0.023 
190 Lar_Lar18    (0)    2 :  0.865 0.105 0.006 0.024 
191 Lar_Lar19    (0)    2 :  0.874 0.094 0.006 0.026 
192 Lar_Lar20    (0)    2 :  0.830 0.119 0.006 0.046 
193 Lar_Lar21    (0)    2 :  0.898 0.077 0.006 0.018 
194 Lar_Lar22    (0)    2 :  0.867 0.103 0.006 0.024 
195 Lar_Lar23    (0)    2 :  0.885 0.086 0.007 0.022 
196 Lar_Lar24    (0)    2 :  0.861 0.107 0.007 0.025 
197 Lar_Lar25    (0)    2 :  0.857 0.099 0.007 0.037 
198 Lar_Lar26    (0)    2 :  0.861 0.101 0.006 0.031 
199 Lar_Lar27    (0)    2 :  0.855 0.110 0.010 0.025 
200 Lar_Lar28    (0)    2 :  0.877 0.085 0.006 0.032 
201 Lar_Lar29    (0)    2 :  0.885 0.086 0.006 0.023 
202 Lar_Lar30    (0)    2 :  0.854 0.112 0.008 0.026 
203 Lar_Lar31    (0)    2 :  0.873 0.095 0.006 0.026 
204 Lar_Lar32    (0)    2 :  0.843 0.126 0.006 0.025 
205 Lar_Lar33    (0)    2 :  0.856 0.103 0.006 0.035 
206 Lar_Lar34    (0)    2 :  0.846 0.126 0.006 0.022 
207 Lar_Lar35    (0)    2 :  0.884 0.090 0.005 0.021 
208 Lar_Lar36    (0)    2 :  0.827 0.102 0.007 0.064 
209 Lar_Lar37    (0)    2 :  0.874 0.096 0.007 0.023 
210 Lar_Lar38    (0)    2 :  0.883 0.089 0.007 0.021 
211 Lar_Lar39    (0)    2 :  0.851 0.109 0.007 0.032 
212 Lar_Lar40    (0)    2 :  0.866 0.105 0.006 0.023 
213 Lar_Lar41    (0)    2 :  0.898 0.077 0.006 0.019 
214 Lar_Lar42    (0)    2 :  0.877 0.088 0.007 0.029 
215 Lar_Lar43    (0)    2 :  0.804 0.142 0.006 0.048 
216 Lar_Lar44    (0)    2 :  0.848 0.109 0.008 0.036 
217 Lar_Lar45    (0)    2 :  0.869 0.101 0.006 0.023 
218 Lar_Lar46    (0)    2 :  0.897 0.078 0.006 0.020 
219 Lar_Lar47    (0)    2 :  0.876 0.091 0.007 0.026 
220 Lar_Lar48    (0)    2 :  0.859 0.113 0.006 0.022 
221 Lar_Lar49    (0)    2 :  0.848 0.106 0.006 0.040 
222 Lar_Lar50    (0)    2 :  0.890 0.083 0.006 0.021 
223 Lar_Lar51    (0)    2 :  0.859 0.111 0.006 0.024 
224 Lar_Lar52    (0)    2 :  0.880 0.090 0.007 0.024 
225 Lar_Lar53    (0)    2 :  0.903 0.070 0.007 0.019 
226 Mara_Mara1    (0)    2 :  0.882 0.086 0.007 0.025 
227 Mara_Mara2    (0)    2 :  0.882 0.090 0.006 0.022 
228 Mara_Mara3    (0)    2 :  0.872 0.103 0.006 0.019 
229 Mara_Mara4    (0)    2 :  0.869 0.091 0.007 0.033 
230 Mara_Mara5    (0)    2 :  0.886 0.086 0.007 0.021 
231 Mara_Mara6    (0)    2 :  0.878 0.089 0.006 0.027 
232 Mara_Mara7    (0)    2 :  0.870 0.093 0.010 0.028 
233 Mara_Mara8    (0)    2 :  0.860 0.111 0.006 0.023 
234 Mara_Mara9    (0)    2 :  0.887 0.087 0.008 0.019 
235 Mara_Mara1_    (0)    2 :  0.832 0.119 0.005 0.043 
236 Mara_Mara1_    (0)    2 :  0.853 0.105 0.006 0.037 
237 Mara_Mara1_    (0)    2 :  0.867 0.101 0.005 0.027 
238 Mara_Mara1_    (0)    2 :  0.883 0.083 0.006 0.029 
239 Mara_Mara1_    (0)    2 :  0.839 0.094 0.006 0.061 
240 Mara_Mara1_    (0)    2 :  0.857 0.109 0.007 0.027 
241 Mara_Mara1_    (0)    2 :  0.850 0.117 0.006 0.027 
242 Mara_Mara1_    (0)    2 :  0.861 0.108 0.007 0.024 
243 Mara_Mara1_    (0)    2 :  0.870 0.095 0.007 0.028 
244 Mara_Mara1_    (0)    2 :  0.866 0.103 0.007 0.025 
245 Mara_Mara2_    (0)    2 :  0.857 0.111 0.006 0.026 
246 Mara_Mara2_    (0)    2 :  0.841 0.110 0.007 0.042 
247 Mara_Mara2_    (0)    2 :  0.889 0.085 0.006 0.020 
248 Mara_Mara2_    (0)    2 :  0.881 0.089 0.006 0.024 
249 Mara_Mara2_    (0)    2 :  0.880 0.088 0.006 0.026 
250 Mara_Mara2_    (0)    2 :  0.850 0.120 0.006 0.024 
251 Mara_Mara2_    (0)    2 :  0.886 0.088 0.006 0.020 
252 Mara_Mara2_    (0)    2 :  0.866 0.103 0.007 0.024 
253 Mara_Mara2_    (0)    2 :  0.857 0.090 0.008 0.046 
254 Mara_Mara2_    (0)    2 :  0.832 0.118 0.007 0.043 
255 Mara_Mara3_    (0)    2 :  0.823 0.104 0.009 0.065 
256 Mara_Mara3_    (0)    2 :  0.827 0.131 0.008 0.034 
257 Mara_Mara3_    (0)    2 :  0.876 0.094 0.006 0.023 
258 Mara_Mara3_    (0)    2 :  0.867 0.100 0.006 0.027 
259 Mara_Mara3_    (0)    2 :  0.859 0.098 0.005 0.037 
260 Mara_Mara3_    (0)    2 :  0.860 0.102 0.006 0.032 
261 Mara_Mara3_    (0)    2 :  0.860 0.100 0.007 0.033 
262 Mara_Mara3_    (0)    2 :  0.864 0.108 0.006 0.022 
263 Mara_Mara3_    (0)    2 :  0.885 0.089 0.006 0.020 
264 Mara_Mara3_    (0)    2 :  0.858 0.111 0.006 0.024 
265 Mara_Mara4_    (0)    2 :  0.816 0.148 0.006 0.030 
266 Mara_Mara4_    (0)    2 :  0.883 0.088 0.008 0.022 
267 Mara_Mara4_    (0)    2 :  0.866 0.106 0.006 0.023 
268 Mara_Mara4_    (0)    2 :  0.881 0.087 0.006 0.026 
269 Mara_Mara4_    (0)    2 :  0.879 0.094 0.006 0.021 
270 Mara_Mara4_    (0)    2 :  0.878 0.095 0.006 0.021 
271 Mara_Mara4_    (0)    2 :  0.851 0.119 0.006 0.023 
272 Mara_Mara4_    (0)    2 :  0.866 0.105 0.007 0.023 
273 Mara_Mara4_    (0)    2 :  0.882 0.075 0.007 0.036 
274 Mara_Mara4_    (0)    2 :  0.879 0.093 0.006 0.022 
275 Mara_Mara5_    (0)    2 :  0.875 0.093 0.007 0.026 
276 Mara_Mara5_    (0)    2 :  0.880 0.085 0.007 0.027 
277 Mara_Mara5_    (0)    2 :  0.828 0.124 0.007 0.042 
278 MBO_MBO1    (0)    2 :  0.828 0.141 0.009 0.022 
279 MBO_MBO2    (0)    2 :  0.834 0.126 0.006 0.034 
280 MBO_MBO3    (0)    2 :  0.884 0.092 0.006 0.018 
281 MBO_MBO4    (0)    2 :  0.852 0.112 0.010 0.027 
282 MBO_MBO6    (0)    2 :  0.856 0.115 0.006 0.023 
283 MBO_MBO7    (0)    2 :  0.894 0.075 0.006 0.025 
284 MBO_MBO8    (0)    2 :  0.831 0.137 0.006 0.027 
285 MBO_MBO9    (0)    2 :  0.820 0.142 0.007 0.031 
286 MBO_MBO10    (0)    2 :  0.865 0.104 0.007 0.024 
287 MBO_MBO11    (0)    2 :  0.881 0.087 0.007 0.025 
288 MBO_MBO12    (0)    2 :  0.892 0.079 0.006 0.022 
289 MBO_MBO13    (0)    2 :  0.882 0.092 0.006 0.020 
290 MBO_MBO14    (0)    2 :  0.880 0.089 0.006 0.025 
291 MBO_MBO15    (0)    2 :  0.851 0.116 0.007 0.027 
292 MBO_MBO16    (0)    2 :  0.876 0.098 0.006 0.020 
293 MBO_MBO17    (0)    2 :  0.871 0.098 0.007 0.024 
294 MBO_MBO18    (0)    2 :  0.835 0.128 0.008 0.030 
295 MBO_MBO19    (0)    2 :  0.860 0.110 0.006 0.024 
296 MBO_MBO20    (0)    2 :  0.862 0.092 0.006 0.041 
297 MBO_MBO21    (0)    2 :  0.881 0.089 0.007 0.023 
298 MBO_MBO22    (0)    2 :  0.879 0.090 0.007 0.024 
299 MBO_MBO23    (0)    2 :  0.869 0.094 0.007 0.030 
300 MBO_MBO24    (0)    2 :  0.885 0.084 0.006 0.025 
301 MBO_MBO25    (0)    2 :  0.883 0.089 0.006 0.022 
302 MBO_MBO26    (0)    2 :  0.876 0.094 0.006 0.023 
303 MBO_MBO27    (0)    2 :  0.862 0.102 0.008 0.027 
304 MBO_MBO28    (0)    2 :  0.864 0.097 0.006 0.033 
305 MBO_MBO29    (0)    2 :  0.859 0.099 0.006 0.035 
306 MBO_MBO30    (0)    2 :  0.870 0.093 0.012 0.024 
307 MBO_MBO31    (0)    2 :  0.846 0.120 0.009 0.025 
308 MBO_MBO32    (0)    2 :  0.882 0.088 0.006 0.024 
309 MBO_MBO33    (0)    2 :  0.852 0.114 0.007 0.027 
310 MBO_MBO34    (0)    2 :  0.875 0.093 0.007 0.026 
311 MBO_MBO35    (0)    2 :  0.885 0.089 0.007 0.019 
312 MBO_MBO36    (0)    2 :  0.871 0.088 0.008 0.033 
313 MBO_MBO37    (0)    2 :  0.854 0.112 0.006 0.027 
314 MBO_MBO38    (0)    2 :  0.852 0.119 0.006 0.023 
315 MBO_MBO39    (0)    2 :  0.890 0.085 0.007 0.019 
316 MBO_MBO40    (0)    2 :  0.868 0.100 0.007 0.025 
317 MBO_MBO41    (0)    2 :  0.840 0.134 0.005 0.021 
318 MBO_MBO42    (0)    2 :  0.864 0.105 0.007 0.024 
319 MBO_MBO43    (0)    2 :  0.892 0.081 0.008 0.018 
320 MBO_MBO44    (0)    2 :  0.866 0.103 0.008 0.024 
321 MBO_MBO45    (0)    2 :  0.847 0.121 0.007 0.025 
322 MBO_MBO46    (0)    2 :  0.866 0.103 0.006 0.024 
323 MBO_MBO47    (0)    2 :  0.868 0.102 0.006 0.024 
324 MBO_MBO48    (0)    2 :  0.877 0.094 0.007 0.021 
325 MBO_MBO49    (0)    2 :  0.865 0.105 0.006 0.024 
326 MBO_MBO50    (0)    2 :  0.885 0.087 0.006 0.022 
327 MBO_MBO51    (0)    2 :  0.891 0.079 0.007 0.023 
328 QBW_QBW1    (0)    2 :  0.868 0.104 0.006 0.022 
329 QBW_QBW2    (0)    2 :  0.889 0.086 0.006 0.020 
330 QBW_QBW3    (0)    2 :  0.869 0.101 0.006 0.024 
331 QBW_QBW4    (0)    2 :  0.810 0.147 0.005 0.038 
332 QBW_QBW5    (0)    2 :  0.878 0.086 0.007 0.030 
333 QBW_QBW6    (0)    2 :  0.882 0.086 0.007 0.025 
334 QBW_QBW7    (0)    2 :  0.850 0.121 0.007 0.023 
335 QBW_QBW8    (0)    2 :  0.857 0.107 0.007 0.029 
336 QBW_QBW9    (0)    2 :  0.851 0.095 0.006 0.048 
337 QBW_QBW10    (0)    2 :  0.865 0.101 0.006 0.028 
338 QBW_QBW11    (0)    2 :  0.869 0.104 0.006 0.021 
339 QBW_QBW12    (0)    2 :  0.845 0.124 0.007 0.025 
340 QBW_QBW13    (0)    2 :  0.870 0.099 0.006 0.025 
341 QBW_QBW14    (0)    2 :  0.882 0.089 0.008 0.022 
342 QBW_QBW15    (0)    2 :  0.854 0.109 0.007 0.030 
343 QBW_QBW16    (0)    2 :  0.853 0.113 0.006 0.028 
344 QBW_QBW17    (0)    2 :  0.849 0.117 0.006 0.028 
345 QBW_QBW18    (0)    2 :  0.869 0.104 0.008 0.020 
346 QBW_QBW19    (0)    2 :  0.894 0.079 0.006 0.021 
347 QBW_QBW20    (0)    2 :  0.877 0.094 0.008 0.021 
348 QBW_QBW21    (0)    2 :  0.863 0.109 0.007 0.022 
349 QBW_QBW22    (0)    2 :  0.866 0.101 0.008 0.025 
350 QBW_QBW23    (0)    2 :  0.882 0.091 0.007 0.020 
351 QBW_QBW24    (0)    2 :  0.890 0.081 0.006 0.023 
352 QBW_QBW25    (0)    2 :  0.865 0.095 0.007 0.033 
353 QBW_QBW26    (0)    2 :  0.863 0.104 0.006 0.027 
354 QBW_QBW27    (0)    2 :  0.883 0.089 0.006 0.022 
355 QBW_QBW28    (0)    2 :  0.869 0.103 0.007 0.022 
356 QBW_QBW29    (0)    2 :  0.864 0.109 0.005 0.022 
357 QBW_QBW30    (0)    2 :  0.874 0.095 0.008 0.023 
358 QBW_QBW31    (0)    2 :  0.859 0.112 0.006 0.024 
359 QBW_QBW32    (0)    2 :  0.853 0.113 0.006 0.028 
360 QBW_QBW33    (0)    2 :  0.849 0.117 0.006 0.028 
361 QBW_QBW34    (0)    2 :  0.867 0.105 0.008 0.020 
362 QBW_QBW35    (0)    2 :  0.894 0.079 0.006 0.021 
363 QBW_QBW36    (0)    2 :  0.877 0.094 0.008 0.021 
364 QBW_QBW37    (0)    2 :  0.879 0.086 0.006 0.029 
365 QBW_QBW38    (0)    2 :  0.866 0.096 0.007 0.031 
366 QBW_QBW39    (0)    2 :  0.866 0.102 0.008 0.024 
367 QBW_QBW40    (0)    2 :  0.877 0.092 0.006 0.026 
368 QBW_QBW41    (0)    2 :  0.865 0.091 0.006 0.038 
369 QBW_QBW42    (0)    2 :  0.862 0.112 0.006 0.020 
370 QBW_QBW43    (0)    2 :  0.859 0.080 0.007 0.055 
371 QBW_QBW44    (0)    2 :  0.871 0.090 0.006 0.032 
372 QBW_QBW45    (0)    2 :  0.861 0.094 0.007 0.038 
373 QBW_QBW46    (0)    2 :  0.879 0.095 0.007 0.019 
374 QBW_QBW47    (0)    2 :  0.864 0.103 0.006 0.027 
375 QBW_QBW48    (0)    2 :  0.883 0.090 0.007 0.020 
376 QBW_QBW49    (0)    2 :  0.854 0.100 0.006 0.040 
377 QBW_QBW50    (0)    2 :  0.853 0.117 0.005 0.025 
378 QBW_QBW51    (0)    2 :  0.800 0.166 0.006 0.029 
379 QBW_QBW52    (0)    2 :  0.885 0.089 0.007 0.019 
380 QBW_QBW53    (0)    2 :  0.844 0.127 0.007 0.022 
381 QBW_QBW54    (0)    2 :  0.869 0.099 0.006 0.025 
382 Ten_Ten1    (0)    2 :  0.884 0.080 0.006 0.029 
383 Ten_Ten2    (0)    2 :  0.887 0.086 0.006 0.022 
384 Ten_Ten3    (0)    2 :  0.872 0.091 0.006 0.030 
385 Ten_Ten4    (0)    2 :  0.859 0.114 0.006 0.021 
386 Ten_Ten5    (0)    2 :  0.888 0.086 0.006 0.020 
387 Ten_Ten6    (0)    2 :  0.893 0.080 0.006 0.021 
388 Ten_Ten7    (0)    2 :  0.803 0.141 0.008 0.048 
389 Ten_Ten8    (0)    2 :  0.864 0.101 0.012 0.023 
390 Ten_Ten9    (0)    2 :  0.861 0.106 0.006 0.027 
391 Ten_Ten10    (0)    2 :  0.852 0.114 0.007 0.027 
392 Ten_Ten11    (0)    2 :  0.866 0.089 0.009 0.036 
393 Ten_Ten12    (0)    2 :  0.865 0.101 0.006 0.028 
394 Ten_Ten13    (0)    2 :  0.858 0.098 0.007 0.037 
395 Ten_Ten14    (0)    2 :  0.857 0.114 0.006 0.023 
396 Ten_Ten15    (0)    2 :  0.848 0.120 0.007 0.025 
397 Ten_Ten16    (0)    2 :  0.888 0.082 0.007 0.023 
398 Ten_Ten17    (0)    2 :  0.848 0.125 0.007 0.021 
399 Ten_Ten18    (0)    2 :  0.861 0.096 0.007 0.036 
400 Ten_Ten19    (0)    2 :  0.860 0.110 0.005 0.025 
401 Ten_Ten20    (0)    2 :  0.870 0.100 0.005 0.025 
402 Ten_Ten21    (0)    2 :  0.851 0.120 0.008 0.022 
403 Ten_Ten22    (0)    2 :  0.882 0.092 0.006 0.019 
404 Ten_Ten23    (0)    2 :  0.841 0.129 0.006 0.025 
405 Ten_Ten24    (0)    2 :  0.863 0.106 0.005 0.026 
406 Ten_Ten25    (0)    2 :  0.867 0.092 0.007 0.034 
407 Ten_Ten26    (0)    2 :  0.847 0.123 0.006 0.024 
408 Ten_Ten27    (0)    2 :  0.860 0.112 0.007 0.022 
409 Ten_Ten28    (0)    2 :  0.846 0.117 0.006 0.030 
410 Ten_Ten29    (0)    2 :  0.890 0.084 0.007 0.019 
411 Ten_Ten30    (0)    2 :  0.888 0.084 0.007 0.021 
412 Ten_Ten31    (0)    2 :  0.847 0.120 0.006 0.028 
413 Ten_Ten32    (0)    2 :  0.873 0.099 0.006 0.022 
414 Ten_Ten33    (0)    2 :  0.844 0.121 0.006 0.029 
415 Ten_Ten34    (0)    2 :  0.893 0.082 0.006 0.020 
416 Ten_Ten35    (0)    2 :  0.878 0.096 0.007 0.019 
417 Ten_Ten36    (0)    2 :  0.847 0.110 0.006 0.037 
418 Ten_Ten37    (0)    2 :  0.899 0.076 0.007 0.019 
419 Ten_Ten38    (0)    2 :  0.884 0.084 0.006 0.026 
420 Ten_Ten39    (0)    2 :  0.866 0.089 0.006 0.038 
421 Ten_Ten40    (0)    2 :  0.876 0.096 0.007 0.021 
422 Ten_Ten41    (0)    2 :  0.879 0.095 0.006 0.020 
423 Ten_Ten42    (0)    2 :  0.830 0.107 0.007 0.056 
424 Ten_Ten43    (0)    2 :  0.888 0.084 0.007 0.022 
425 Ten_Ten44    (0)    2 :  0.869 0.086 0.006 0.039 
426 Ten_Ten45    (0)    2 :  0.890 0.084 0.007 0.019 
427 Ten_Ten46    (0)    2 :  0.856 0.114 0.007 0.022 
428 Ten_Ten47    (0)    2 :  0.855 0.120 0.006 0.019 
429 Ten_Ten48    (0)    2 :  0.870 0.092 0.006 0.033 
430 Ten_Ten49    (0)    2 :  0.893 0.078 0.006 0.022 
431 Ten_Ten50    (0)    2 :  0.860 0.111 0.008 0.022 
432 Ten_Ten51    (0)    2 :  0.893 0.082 0.007 0.018 
433 Ten_Ten52    (0)    2 :  0.832 0.128 0.006 0.034 
434 Tote_Tote1    (0)    2 :  0.883 0.088 0.006 0.023 
435 Tote_Tote2    (0)    2 :  0.824 0.141 0.006 0.030 
436 Tote_Tote3    (0)    2 :  0.866 0.102 0.009 0.023 
437 Tote_Tote4    (0)    2 :  0.877 0.086 0.007 0.031 
438 Tote_Tote5    (0)    2 :  0.870 0.095 0.006 0.030 
439 Tote_Tote6    (0)    2 :  0.856 0.111 0.007 0.026 
440 Tote_Tote7    (0)    2 :  0.841 0.117 0.006 0.036 
441 Tote_Tote8    (0)    2 :  0.892 0.076 0.010 0.022 
442 Tote_Tote1_    (0)    2 :  0.855 0.115 0.006 0.024 
443 Tote_Tote1_    (0)    2 :  0.889 0.085 0.006 0.020 
444 Tote_Tote1_    (0)    2 :  0.851 0.119 0.007 0.023 
445 Tote_Tote1_    (0)    2 :  0.850 0.111 0.006 0.032 
446 Tote_Tote1_    (0)    2 :  0.849 0.116 0.006 0.030 
447 Tote_Tote1_    (0)    2 :  0.848 0.109 0.006 0.037 
448 Tote_Tote1_    (0)    2 :  0.814 0.136 0.006 0.044 
449 Tote_Tote1_    (0)    2 :  0.806 0.160 0.007 0.027 
450 Tote_Tote1_    (0)    2 :  0.874 0.086 0.006 0.034 
451 Tote_Tote2_    (0)    2 :  0.860 0.107 0.007 0.026 
452 Tote_Tote2_    (0)    2 :  0.872 0.097 0.006 0.025 
453 Tote_Tote2_    (0)    2 :  0.854 0.118 0.006 0.022 
454 Tote_Tote2_    (0)    2 :  0.876 0.095 0.007 0.022 
455 Tote_Tote2_    (0)    2 :  0.856 0.100 0.009 0.034 
456 Tote_Tote2_    (0)    2 :  0.888 0.087 0.007 0.018 
457 Tote_Tote2_    (0)    2 :  0.880 0.092 0.006 0.021 
458 Tote_Tote2_    (0)    2 :  0.882 0.093 0.005 0.020 
459 Tote_Tote2_    (0)    2 :  0.873 0.100 0.006 0.021 
460 Tote_Tote2_    (0)    2 :  0.885 0.087 0.006 0.022 
461 Tote_Tote3_    (0)    2 :  0.813 0.145 0.005 0.037 
462 Tote_Tote3_    (0)    2 :  0.893 0.078 0.005 0.024 
463 Tote_Tote3_    (0)    2 :  0.867 0.100 0.007 0.026 
464 Tote_Tote3_    (0)    2 :  0.868 0.098 0.007 0.027 
465 Tote_Tote3_    (0)    2 :  0.861 0.109 0.008 0.022 
466 Tote_Tote3_    (0)    2 :  0.850 0.099 0.010 0.042 
467 Tote_Tote3_    (0)    2 :  0.850 0.099 0.007 0.044 
468 Tote_Tote3_    (0)    2 :  0.865 0.106 0.007 0.022 
469 Tote_Tote3_    (0)    2 :  0.860 0.109 0.007 0.024 
470 Tote_Tote3_    (0)    2 :  0.813 0.141 0.006 0.039 
471 Tote_Tote4_    (0)    2 :  0.861 0.108 0.006 0.025 
472 Tote_Tote4_    (0)    2 :  0.882 0.088 0.007 0.023 
473 Tote_Tote4_    (0)    2 :  0.888 0.086 0.007 0.020 
474 Tote_Tote4_    (0)    2 :  0.830 0.124 0.009 0.036 
475 Tote_Tote4_    (0)    2 :  0.846 0.117 0.007 0.031 
476 Tote_Tote4_    (0)    2 :  0.858 0.108 0.006 0.028 
477 Tote_Tote4_    (0)    2 :  0.843 0.122 0.007 0.027 
478 Tote_Tote4_    (0)    2 :  0.886 0.082 0.006 0.025 
479 Tote_Tote4_    (0)    2 :  0.879 0.080 0.007 0.034 
480 Tote_Tote4_    (0)    2 :  0.874 0.081 0.006 0.040 
481 Tote_Tote5_    (0)    2 :  0.849 0.120 0.007 0.024 
482 Tote_Tote5_    (0)    2 :  0.855 0.116 0.006 0.022 
483 Tote_Tote5_    (0)    2 :  0.859 0.112 0.007 0.023 
484 Tote_Tote5_    (0)    2 :  0.892 0.084 0.006 0.018 
485 Tote_Tote5_    (0)    2 :  0.863 0.105 0.006 0.026 
486 Tote_Tote5_    (0)    2 :  0.888 0.088 0.007 0.018 
487 Taga_Taga1    (0)    3 :  0.068 0.796 0.005 0.131 
488 Taga_Taga2    (0)    3 :  0.083 0.772 0.008 0.137 
489 Taga_Taga3    (0)    3 :  0.081 0.805 0.005 0.109 
490 Taga_Taga4    (0)    3 :  0.073 0.793 0.006 0.128 
491 Taga_Taga5    (0)    3 :  0.078 0.774 0.006 0.143 
492 Taga_Taga6    (0)    3 :  0.097 0.767 0.009 0.128 
493 Taga_Taga7    (0)    3 :  0.083 0.783 0.006 0.128 
494 Taga_Taga8    (0)    3 :  0.079 0.771 0.006 0.144 
495 Taga_Taga9    (0)    3 :  0.075 0.805 0.005 0.116 
496 Taga_Taga1_    (0)    3 :  0.105 0.755 0.007 0.134 
497 Taga_Taga1_    (0)    3 :  0.081 0.737 0.006 0.177 
498 Taga_Taga1_    (0)    3 :  0.087 0.770 0.006 0.138 
499 Taga_Taga1_    (0)    3 :  0.087 0.795 0.006 0.111 
500 Taga_Taga1_    (0)    3 :  0.080 0.785 0.006 0.129 
501 Taga_Taga1_    (0)    3 :  0.077 0.799 0.006 0.119 
502 Taga_Taga1_    (0)    3 :  0.073 0.762 0.005 0.160 
503 Taga_Taga1_    (0)    3 :  0.074 0.753 0.005 0.167 
504 Taga_Taga1_    (0)    3 :  0.076 0.773 0.006 0.145 
505 Taga_Taga1_    (0)    3 :  0.072 0.776 0.005 0.147 
506 Taga_Taga2_    (0)    3 :  0.073 0.782 0.005 0.139 
507 Taga_Taga2_    (0)    3 :  0.069 0.801 0.005 0.125 
508 Taga_Taga2_    (0)    3 :  0.094 0.756 0.008 0.142 
509 Taga_Taga2_    (0)    3 :  0.108 0.755 0.006 0.131 
510 Taga_Taga2_    (0)    3 :  0.083 0.785 0.006 0.126 
511 Taga_Taga2_    (0)    3 :  0.078 0.788 0.006 0.127 
512 Taga_Taga2_    (0)    3 :  0.074 0.794 0.005 0.127 
513 Taga_Taga2_    (0)    3 :  0.069 0.787 0.006 0.138 
514 Taga_Taga2_    (0)    3 :  0.082 0.802 0.006 0.111 
515 Taga_Taga2_    (0)    3 :  0.078 0.766 0.006 0.151 
516 Taga_Taga3_    (0)    3 :  0.086 0.764 0.006 0.144 
517 Taga_Taga3_    (0)    3 :  0.078 0.806 0.006 0.110 
518 Taga_Taga3_    (0)    3 :  0.076 0.799 0.005 0.120 
519 Taga_Taga3_    (0)    3 :  0.069 0.769 0.005 0.157 
520 Taga_Taga3_    (0)    3 :  0.116 0.766 0.008 0.110 
521 Taga_Taga3_    (0)    3 :  0.079 0.793 0.006 0.122 
522 Taga_Taga3_    (0)    3 :  0.070 0.790 0.006 0.135 
523 Taga_Taga3_    (0)    3 :  0.089 0.777 0.007 0.127 
524 Taga_Taga3_    (0)    3 :  0.087 0.767 0.006 0.140 
525 Taga_Taga3_    (0)    3 :  0.069 0.789 0.006 0.137 
526 Taga_Taga4_    (0)    3 :  0.077 0.782 0.005 0.136 
527 Taga_Taga4_    (0)    3 :  0.069 0.796 0.005 0.130 
528 Taga_Taga4_    (0)    3 :  0.063 0.803 0.005 0.129 
529 Taga_Taga4_    (0)    3 :  0.100 0.748 0.007 0.145 
530 Taga_Taga4_    (0)    3 :  0.086 0.785 0.006 0.123 
531 Taga_Taga4_    (0)    3 :  0.083 0.795 0.006 0.115 
532 Taga_Taga4_    (0)    3 :  0.113 0.749 0.006 0.132 
533 Taga_Taga4_    (0)    3 :  0.098 0.781 0.006 0.115 
534 Taga_Taga4_    (0)    3 :  0.105 0.745 0.006 0.145 
535 Taga_Taga4_    (0)    3 :  0.082 0.759 0.005 0.153 
536 Taga_Taga5_    (0)    3 :  0.070 0.798 0.005 0.127 
537 Taga_Taga5_    (0)    3 :  0.082 0.776 0.006 0.137 
538 Taga_Taga5_    (0)    3 :  0.070 0.788 0.005 0.137 
539 Mata_Mata1    (0)    3 :  0.075 0.772 0.006 0.147 
540 Mata_Mata2    (0)    3 :  0.069 0.802 0.005 0.124 
541 Mata_Mata3    (0)    3 :  0.066 0.783 0.006 0.145 
542 Mata_Mata4    (0)    3 :  0.075 0.766 0.005 0.154 
543 Mata_Mata5    (0)    3 :  0.088 0.769 0.005 0.137 
544 Mata_Mata6    (0)    3 :  0.074 0.797 0.005 0.123 
545 Mata_Mata7    (0)    3 :  0.088 0.768 0.007 0.137 
546 Mata_Mata8    (0)    3 :  0.082 0.767 0.006 0.145 
547 Mata_Mata9    (0)    3 :  0.088 0.743 0.006 0.163 
548 Mata_Mata1_    (0)    3 :  0.068 0.766 0.006 0.159 
549 Mata_Mata1_    (0)    3 :  0.088 0.775 0.006 0.132 
550 Mata_Mata1_    (0)    3 :  0.094 0.764 0.007 0.135 
551 Mata_Mata1_    (0)    3 :  0.105 0.752 0.009 0.134 
552 Mata_Mata1_    (0)    3 :  0.073 0.783 0.005 0.139 
553 Mata_Mata1_    (0)    3 :  0.096 0.713 0.007 0.183 
554 Mata_Mata1_    (0)    3 :  0.076 0.770 0.006 0.148 
555 Mata_Mata1_    (0)    3 :  0.071 0.775 0.005 0.149 
556 Mata_Mata1_    (0)    3 :  0.087 0.760 0.005 0.148 
557 Mata_Mata1_    (0)    3 :  0.077 0.791 0.007 0.125 
558 Mata_Mata2_    (0)    3 :  0.115 0.741 0.007 0.136 
559 Mata_Mata2_    (0)    3 :  0.097 0.782 0.006 0.115 
560 Mata_Mata2_    (0)    3 :  0.085 0.766 0.005 0.144 
561 Mata_Mata2_    (0)    3 :  0.099 0.734 0.007 0.160 
562 Mata_Mata2_    (0)    3 :  0.111 0.767 0.007 0.114 
563 Mata_Mata2_    (0)    3 :  0.099 0.787 0.007 0.108 
564 Mata_Mata2_    (0)    3 :  0.086 0.794 0.006 0.114 
565 Mata_Mata2_    (0)    3 :  0.071 0.797 0.005 0.126 
566 Mata_Mata2_    (0)    3 :  0.113 0.727 0.008 0.151 
567 Mata_Mata3_    (0)    3 :  0.077 0.796 0.010 0.117 
568 Mata_Mata3_    (0)    3 :  0.082 0.772 0.007 0.139 
569 Mata_Mata3_    (0)    3 :  0.091 0.780 0.007 0.123 
570 Mata_Mata3_    (0)    3 :  0.072 0.792 0.005 0.131 
571 Mata_Mata3_    (0)    3 :  0.072 0.793 0.005 0.129 
572 Mata_Mata3_    (0)    3 :  0.074 0.765 0.005 0.156 
573 Mata_Mata3_    (0)    3 :  0.086 0.758 0.007 0.149 
574 Mata_Mata3_    (0)    3 :  0.076 0.774 0.005 0.144 
575 Mata_Mata3_    (0)    3 :  0.067 0.814 0.005 0.114 
576 Mata_Mata4_    (0)    3 :  0.067 0.792 0.005 0.137 
577 Mata_Mata4_    (0)    3 :  0.068 0.783 0.005 0.144 
578 Mata_Mata4_    (0)    3 :  0.074 0.794 0.007 0.125 
579 Mata_Mata4_    (0)    3 :  0.076 0.786 0.005 0.132 
580 Mata_Mata4_    (0)    3 :  0.085 0.751 0.006 0.159 
581 Mata_Mata4_    (0)    3 :  0.066 0.811 0.005 0.119 
582 Mata_Mata4_    (0)    3 :  0.077 0.778 0.006 0.140 
583 Mata_Mata4_    (0)    3 :  0.069 0.778 0.005 0.148 
584 Mata_Mata4_    (0)    3 :  0.081 0.781 0.006 0.132 
585 Mata_Mata4_    (0)    3 :  0.066 0.788 0.005 0.141 
586 Mata_Mata5_    (0)    3 :  0.095 0.754 0.011 0.139 
587 Muaiv_Muai    (0)    3 :  0.080 0.765 0.006 0.150 
588 Muaiv_Muai_    (0)    3 :  0.079 0.737 0.006 0.178 
589 Muaiv_Muai_    (0)    3 :  0.080 0.784 0.006 0.130 
590 Muaiv_Muai_    (0)    3 :  0.072 0.744 0.005 0.179 
591 Muaiv_Muai_    (0)    3 :  0.081 0.772 0.005 0.142 
592 Muaiv_Muai_    (0)    3 :  0.083 0.763 0.006 0.147 
593 Muaiv_Muai_    (0)    3 :  0.075 0.777 0.005 0.143 
594 Muaiv_Muai_    (0)    3 :  0.079 0.776 0.007 0.138 
595 Muaiv_Muai_    (0)    3 :  0.069 0.741 0.005 0.184 
596 Muaiv_Muai_    (0)    3 :  0.075 0.788 0.005 0.132 
597 Muaiv_Muai_    (0)    3 :  0.119 0.735 0.007 0.139 
598 Muaiv_Muai_    (0)    3 :  0.077 0.741 0.005 0.177 
599 Muaiv_Muai_    (0)    3 :  0.078 0.763 0.008 0.150 
600 Muaiv_Muai_    (0)    3 :  0.092 0.752 0.007 0.148 
601 Muaiv_Muai_    (0)    3 :  0.069 0.803 0.005 0.123 
602 Muaiv_Muai_    (0)    3 :  0.088 0.782 0.005 0.125 
603 Muaiv_Muai_    (0)    3 :  0.072 0.791 0.005 0.133 
604 Muaiv_Muai_    (0)    3 :  0.135 0.709 0.007 0.148 
605 Muaiv_Muai_    (0)    3 :  0.085 0.767 0.006 0.143 
606 Muaiv_Muai_    (0)    3 :  0.068 0.770 0.005 0.157 
607 Muaiv_Muai_    (0)    3 :  0.068 0.791 0.005 0.137 
608 Muaiv_Muai_    (0)    3 :  0.082 0.753 0.006 0.160 
609 Muaiv_Muai_    (0)    3 :  0.092 0.752 0.006 0.150 
610 Muaiv_Muai_    (0)    3 :  0.083 0.741 0.007 0.169 
611 Muaiv_Muai_    (0)    3 :  0.084 0.760 0.005 0.150 
612 Muaiv_Muai_    (0)    3 :  0.073 0.785 0.005 0.138 
613 Muaiv_Muai_    (0)    3 :  0.071 0.751 0.005 0.173 
614 Muaiv_Muai_    (0)    3 :  0.082 0.796 0.005 0.117 
615 Muaiv_Muai_    (0)    3 :  0.081 0.762 0.005 0.151 
616 Muaiv_Muai_    (0)    3 :  0.078 0.768 0.005 0.148 
617 Muaiv_Muai_    (0)    3 :  0.078 0.769 0.005 0.148 
618 Muaiv_Muai_    (0)    3 :  0.085 0.773 0.007 0.136 
619 Muaiv_Muai_    (0)    3 :  0.090 0.730 0.007 0.172 
620 Muaiv_Muai_    (0)    3 :  0.075 0.805 0.006 0.115 
621 Muaiv_Muai_    (0)    3 :  0.105 0.765 0.006 0.124 
622 Muaiv_Muai_    (0)    3 :  0.093 0.757 0.006 0.144 
623 Muaiv_Muai_    (0)    3 :  0.069 0.800 0.005 0.126 
624 Muaiv_Muai_    (0)    3 :  0.079 0.768 0.007 0.146 
625 Muaiv_Muai_    (0)    3 :  0.089 0.778 0.005 0.128 
626 Muaiv_Muai_    (0)    3 :  0.083 0.783 0.006 0.128 
627 Muaiv_Muai_    (0)    3 :  0.072 0.796 0.005 0.127 
628 Muaiv_Muai_    (0)    3 :  0.072 0.780 0.005 0.143 
629 Muaiv_Muai_    (0)    3 :  0.100 0.761 0.007 0.133 
630 Muaiv_Muai_    (0)    3 :  0.068 0.797 0.005 0.130 
631 Muaiv_Muai_    (0)    3 :  0.108 0.747 0.009 0.136 
632 Muaiv_Muai_    (0)    3 :  0.097 0.737 0.010 0.157 
633 Muaiv_Muai_    (0)    3 :  0.074 0.791 0.006 0.129 
634 Muaiv_Muai_    (0)    3 :  0.087 0.767 0.014 0.132 
635 Muaiv_Muai_    (0)    3 :  0.087 0.775 0.005 0.132 
636 Muaiv_Muai_    (0)    3 :  0.071 0.786 0.006 0.137 
637 Muaiv_Muai_    (0)    3 :  0.083 0.802 0.006 0.110 
638 Muaiv_Muai_    (0)    3 :  0.081 0.779 0.006 0.134 
639 Muaiv_Muai_    (0)    3 :  0.084 0.723 0.009 0.184 
640 Muaiv_Muai_    (0)    3 :  0.072 0.799 0.006 0.123 
641 Nadi_Nadi1    (0)    3 :  0.102 0.759 0.007 0.132 
642 Nadi_Nadi2    (0)    3 :  0.069 0.801 0.005 0.125 
643 Nadi_Nadi3    (0)    3 :  0.069 0.761 0.005 0.165 
644 Nadi_Nadi4    (0)    3 :  0.085 0.796 0.007 0.111 
645 Nadi_Nadi5    (0)    3 :  0.093 0.749 0.006 0.153 
646 Nadi_Nadi7    (0)    3 :  0.094 0.775 0.008 0.123 
647 Nadi_Nadi8    (0)    3 :  0.085 0.788 0.006 0.121 
648 Nadi_Nadi9    (0)    3 :  0.075 0.789 0.005 0.131 
649 Nadi_Nadi1_    (0)    3 :  0.069 0.809 0.005 0.117 
650 Nadi_Nadi1_    (0)    3 :  0.076 0.791 0.006 0.127 
651 Nadi_Nadi1_    (0)    3 :  0.075 0.801 0.006 0.118 
652 Nadi_Nadi1_    (0)    3 :  0.079 0.793 0.009 0.119 
653 Nadi_Nadi1_    (0)    3 :  0.091 0.783 0.007 0.120 
654 Nadi_Nadi1_    (0)    3 :  0.065 0.785 0.005 0.145 
655 Nadi_Nadi1_    (0)    3 :  0.083 0.766 0.006 0.145 
656 Nadi_Nadi1_    (0)    3 :  0.073 0.794 0.005 0.128 
657 Nadi_Nadi1_    (0)    3 :  0.075 0.804 0.006 0.114 
658 Nadi_Nadi1_    (0)    3 :  0.073 0.782 0.005 0.140 
659 Nadi_Nadi2_    (0)    3 :  0.081 0.776 0.006 0.137 
660 Nadi_Nadi2_    (0)    3 :  0.117 0.742 0.006 0.135 
661 Nadi_Nadi2_    (0)    3 :  0.064 0.760 0.005 0.170 
662 Nadi_Nadi2_    (0)    3 :  0.072 0.800 0.005 0.123 
663 Nadi_Nadi2_    (0)    3 :  0.067 0.783 0.005 0.145 
664 Nadi_Nadi2_    (0)    3 :  0.082 0.778 0.005 0.135 
665 Nadi_Nadi2_    (0)    3 :  0.068 0.788 0.005 0.139 
666 Nadi_Nadi2_    (0)    3 :  0.171 0.688 0.011 0.130 
667 Nadi_Nadi2_    (0)    3 :  0.093 0.754 0.006 0.146 
668 Nadi_Nadi3_    (0)    3 :  0.066 0.800 0.005 0.129 
669 Nadi_Nadi3_    (0)    3 :  0.085 0.783 0.005 0.127 
670 Nadi_Nadi3_    (0)    3 :  0.086 0.781 0.006 0.127 
671 Nadi_Nadi3_    (0)    3 :  0.073 0.791 0.005 0.132 
672 Nadi_Nadi3_    (0)    3 :  0.082 0.766 0.005 0.147 
673 Nadi_Nadi3_    (0)    3 :  0.078 0.776 0.005 0.140 
674 Nadi_Nadi3_    (0)    3 :  0.071 0.816 0.005 0.108 
675 Nadi_Nadi3_    (0)    3 :  0.068 0.815 0.005 0.113 
676 Nadi_Nadi3_    (0)    3 :  0.067 0.770 0.005 0.157 
677 Nadi_Nadi3_    (0)    3 :  0.082 0.769 0.006 0.143 
678 Nadi_Nadi4_    (0)    3 :  0.087 0.787 0.006 0.120 
679 Nadi_Nadi4_    (0)    3 :  0.062 0.811 0.005 0.122 
680 Nadi_Nadi4_    (0)    3 :  0.075 0.765 0.005 0.154 
681 Nadi_Nadi4_    (0)    3 :  0.082 0.801 0.006 0.111 
682 Nadi_Nadi4_    (0)    3 :  0.080 0.780 0.006 0.134 
683 Nadi_Nadi4_    (0)    3 :  0.070 0.793 0.006 0.131 
