

----------------------------------------------------
STRUCTURE by Pritchard, Stephens and Donnelly (2000)
     and Falush, Stephens and Pritchard (2003)
       Code by Pritchard, Falush and Hubisz
             Version 2.3.4 (Jul 2012)
----------------------------------------------------



Command line arguments:   /opt/anaconda3/bin/structure -K 3 -i /data/home/edc5240/Daruanus/Daruanus_All_8locus_stru.txt -o /data/home/edc5240/Daruanus/output/str_K3_rep1 -D 3931647 -m /data/home/edc5240/Daruanus/mainparams -e /data/home/edc5240/Daruanus/extraparams 
Input File:    /data/home/edc5240/Daruanus/Daruanus_All_8locus_stru.txt

Run parameters:
   1358 individuals
   8 loci
   3 populations assumed
   250000 Burn-in period
   1000000 Reps
LOCPRIOR model used
RANDOMIZE turned off


--------------------------------------------
Proportion of membership of each pre-defined
 population in each of the 3 clusters

Given    Inferred Clusters       Number of
 Pop       1      2      3      Individuals

  1:     0.011  0.969  0.020       72
  2:     0.027  0.823  0.150      414
  3:     0.125  0.080  0.795      358
  4:     0.882  0.018  0.100      441
  5:     0.906  0.013  0.080       73
--------------------------------------------

Allele-freq. divergence among pops (Net nucleotide distance),
computed using point estimates of P.

      1       2       3      
 1      -    0.0423  0.0393  
 2   0.0423     -    0.0363  
 3   0.0393  0.0363     -    

Average distances (expected heterozygosity) between individuals in same cluster:
cluster  1  : 0.8340 
cluster  2  : 0.9076 
cluster  3  : 0.8185 

--------------------------------------------
Estimated Ln Prob of Data   = -55492.0
Mean value of ln likelihood = -55085.3
Variance of ln likelihood   = 813.5
Mean value of alpha         = 6.6080

Mean value of alpha_local for each location:
	location  1:  0.1906  15.9757  0.3505
	location  2:  1.0704  34.2522  6.3095
	location  3:  4.3151  2.7559  27.1934
	location  4:  14.8728  0.2919  1.7832
	location  5:  15.7896  0.2508  1.3903

Mean value of Fst_1         = 0.0693
Mean value of Fst_2         = 0.0059
Mean value of Fst_3         = 0.0476

Mean value of r = 0.0746

Inferred ancestry of individuals:
        Label (%Miss) Pop:  Inferred clusters
  1 Lion_Lion1    (0)    1 :  0.011 0.971 0.018 
  2 Lion_Lion2    (0)    1 :  0.013 0.961 0.026 
  3 Lion_Lion3    (0)    1 :  0.014 0.963 0.023 
  4 Lion_Lion4    (0)    1 :  0.014 0.966 0.021 
  5 Lion_Lion5    (0)    1 :  0.010 0.973 0.017 
  6 Lion_Lion6    (0)    1 :  0.008 0.974 0.017 
  7 Lion_Lion7    (0)    1 :  0.010 0.971 0.019 
  8 Lion_Lion8    (0)    1 :  0.011 0.970 0.020 
  9 Lion_Lion9    (0)    1 :  0.022 0.951 0.027 
 10 Lion_Lion10    (0)    1 :  0.007 0.979 0.013 
 11 Lion_Lion11    (0)    1 :  0.010 0.967 0.023 
 12 Lion_Lion13    (0)    1 :  0.013 0.968 0.019 
 13 Lion_Lion14    (0)    1 :  0.014 0.968 0.018 
 14 Lion_Lion15    (0)    1 :  0.009 0.974 0.017 
 15 Lion_Lion16    (0)    1 :  0.008 0.977 0.015 
 16 Lion_Lion17    (0)    1 :  0.011 0.971 0.018 
 17 Lion_Lion18    (0)    1 :  0.008 0.976 0.016 
 18 Lion_Lion19    (0)    1 :  0.013 0.958 0.030 
 19 Lion_Lion20    (0)    1 :  0.012 0.965 0.023 
 20 Lion_Lion21    (0)    1 :  0.009 0.976 0.015 
 21 Lion_Lion22    (0)    1 :  0.008 0.976 0.016 
 22 Lion_Lion23    (0)    1 :  0.008 0.976 0.016 
 23 Lion_Lion24    (0)    1 :  0.009 0.963 0.028 
 24 Lion_Lion25    (0)    1 :  0.012 0.965 0.023 
 25 Lion_Lion26    (0)    1 :  0.010 0.973 0.017 
 26 Lion_Lion27    (0)    1 :  0.009 0.971 0.020 
 27 Lion_Lion28    (0)    1 :  0.012 0.971 0.017 
 28 Lion_Lion29    (0)    1 :  0.007 0.979 0.014 
 29 Lion_Lion30    (0)    1 :  0.012 0.966 0.022 
 30 Lion_Lion31    (0)    1 :  0.009 0.973 0.018 
 31 Lion_Lion32    (0)    1 :  0.007 0.981 0.012 
 32 Lion_Lion33    (0)    1 :  0.010 0.974 0.016 
 33 Lion_Lion34    (0)    1 :  0.012 0.973 0.014 
 34 Lion_Lion36    (0)    1 :  0.008 0.974 0.018 
 35 Lion_Lion38    (0)    1 :  0.007 0.973 0.020 
 36 Lion_Lion39    (0)    1 :  0.009 0.976 0.015 
 37 Lion_Lion40    (0)    1 :  0.010 0.961 0.029 
 38 Lion_Lion41    (0)    1 :  0.009 0.966 0.025 
 39 Lion_Lion42    (0)    1 :  0.008 0.973 0.019 
 40 Lion_Lion43    (0)    1 :  0.011 0.971 0.019 
 41 Lion_Lion44    (0)    1 :  0.008 0.966 0.026 
 42 Lion_Lion45    (0)    1 :  0.018 0.962 0.020 
 43 Lion_Lion46    (0)    1 :  0.018 0.956 0.026 
 44 Lion_Lion47    (0)    1 :  0.012 0.963 0.024 
 45 Lion_Lion48    (0)    1 :  0.009 0.972 0.020 
 46 Lion_Lion49    (0)    1 :  0.009 0.969 0.021 
 47 Lion_Lion50    (0)    1 :  0.010 0.970 0.020 
 48 Lion_Lion51    (0)    1 :  0.008 0.975 0.017 
 49 Lion_Lion52    (0)    1 :  0.010 0.967 0.023 
 50 Lolo_Lolo1    (0)    1 :  0.012 0.963 0.025 
 51 Lolo_Lolo2    (0)    1 :  0.014 0.966 0.020 
 52 Lolo_Lolo3    (0)    1 :  0.011 0.969 0.021 
 53 Lolo_Lolo4    (0)    1 :  0.012 0.970 0.018 
 54 Lolo_Lolo5    (0)    1 :  0.012 0.960 0.027 
 55 Lolo_Lolo6    (0)    1 :  0.019 0.963 0.018 
 56 Lolo_Lolo7    (0)    1 :  0.009 0.974 0.018 
 57 Lolo_Lolo8    (0)    1 :  0.016 0.964 0.021 
 58 Lolo_Lolo9    (0)    1 :  0.012 0.967 0.021 
 59 Manu_Manu1    (0)    1 :  0.009 0.972 0.019 
 60 Manu_Manu2    (0)    1 :  0.011 0.968 0.021 
 61 Manu_Manu3    (0)    1 :  0.008 0.975 0.017 
 62 Manu_Manu4    (0)    1 :  0.012 0.959 0.029 
 63 Manu_Manu5    (0)    1 :  0.020 0.962 0.018 
 64 Manu_Manu6    (0)    1 :  0.008 0.975 0.017 
 65 Manu_Manu7    (0)    1 :  0.009 0.975 0.016 
 66 Manu_Manu8    (0)    1 :  0.009 0.972 0.019 
 67 Manu_Manu9    (0)    1 :  0.014 0.956 0.030 
 68 Manu_Manu10    (0)    1 :  0.013 0.971 0.017 
 69 Manu_Manu11    (0)    1 :  0.010 0.973 0.017 
 70 Manu_Manu13    (0)    1 :  0.011 0.955 0.034 
 71 Manu_Manu14    (0)    1 :  0.008 0.978 0.014 
 72 Manu_Manu15    (0)    1 :  0.009 0.975 0.016 
 73   Go_Go1    (0)    2 :  0.026 0.820 0.154 
 74   Go_Go2    (0)    2 :  0.030 0.811 0.160 
 75   Go_Go3    (0)    2 :  0.025 0.825 0.150 
 76   Go_Go4    (0)    2 :  0.024 0.831 0.146 
 77   Go_Go5    (0)    2 :  0.027 0.823 0.151 
 78   Go_Go6    (0)    2 :  0.023 0.835 0.142 
 79   Go_Go7    (0)    2 :  0.025 0.818 0.158 
 80   Go_Go8    (0)    2 :  0.022 0.829 0.149 
 81   Go_Go9    (0)    2 :  0.034 0.829 0.137 
 82  Go_Go10    (0)    2 :  0.025 0.826 0.149 
 83  Go_Go11    (0)    2 :  0.024 0.824 0.152 
 84  Go_Go12    (0)    2 :  0.027 0.822 0.151 
 85  Go_Go13    (0)    2 :  0.026 0.835 0.139 
 86  Go_Go14    (0)    2 :  0.029 0.819 0.152 
 87  Go_Go15    (0)    2 :  0.025 0.822 0.153 
 88  Go_Go16    (0)    2 :  0.025 0.829 0.146 
 89  Go_Go17    (0)    2 :  0.026 0.823 0.151 
 90  Go_Go18    (0)    2 :  0.027 0.815 0.158 
 91  Go_Go19    (0)    2 :  0.032 0.806 0.163 
 92  Go_Go20    (0)    2 :  0.023 0.827 0.151 
 93  Go_Go21    (0)    2 :  0.026 0.828 0.147 
 94  Go_Go22    (0)    2 :  0.025 0.829 0.146 
 95  Go_Go23    (0)    2 :  0.028 0.809 0.163 
 96  Go_Go24    (0)    2 :  0.027 0.827 0.146 
 97  Go_Go25    (0)    2 :  0.026 0.810 0.165 
 98  Go_Go27    (0)    2 :  0.037 0.810 0.153 
 99  Go_Go28    (0)    2 :  0.035 0.814 0.151 
100  Go_Go29    (0)    2 :  0.033 0.787 0.180 
101  Go_Go30    (0)    2 :  0.025 0.846 0.130 
102  Go_Go31    (0)    2 :  0.025 0.809 0.167 
103  Go_Go32    (0)    2 :  0.031 0.809 0.160 
104  Go_Go33    (0)    2 :  0.026 0.838 0.137 
105  Go_Go34    (0)    2 :  0.026 0.814 0.161 
106  Go_Go35    (0)    2 :  0.027 0.814 0.159 
107  Go_Go36    (0)    2 :  0.023 0.815 0.162 
108  Go_Go37    (0)    2 :  0.025 0.827 0.148 
109  Go_Go38    (0)    2 :  0.021 0.842 0.136 
110  Go_Go39    (0)    2 :  0.027 0.800 0.172 
111  Go_Go40    (0)    2 :  0.024 0.818 0.157 
112  Go_Go41    (0)    2 :  0.023 0.818 0.158 
113  Go_Go42    (0)    2 :  0.032 0.782 0.187 
114  Go_Go43    (0)    2 :  0.029 0.799 0.173 
115  Go_Go44    (0)    2 :  0.030 0.823 0.146 
116  Go_Go45    (0)    2 :  0.024 0.830 0.147 
117  Go_Go46    (0)    2 :  0.026 0.821 0.153 
118  Go_Go47    (0)    2 :  0.030 0.823 0.148 
119  Go_Go48    (0)    2 :  0.023 0.835 0.142 
120  Go_Go49    (0)    2 :  0.028 0.827 0.145 
121  Go_Go50    (0)    2 :  0.025 0.828 0.147 
122  Go_Go51    (0)    2 :  0.025 0.852 0.123 
123  Go_Go52    (0)    2 :  0.024 0.832 0.144 
124  Go_Go53    (0)    2 :  0.025 0.833 0.142 
125  Go_Go54    (0)    2 :  0.027 0.835 0.138 
126  Go_Go55    (0)    2 :  0.023 0.844 0.133 
127  Go_Go56    (0)    2 :  0.028 0.822 0.149 
128 Hie_Hie2    (0)    2 :  0.027 0.836 0.137 
129 Hie_Hie3    (0)    2 :  0.031 0.816 0.153 
130 Hie_Hie4    (0)    2 :  0.027 0.807 0.167 
131 Hie_Hie5    (0)    2 :  0.024 0.828 0.147 
132 Hie_Hie6    (0)    2 :  0.027 0.822 0.151 
133 Hie_Hie7    (0)    2 :  0.030 0.815 0.155 
134 Hie_Hie8    (0)    2 :  0.027 0.818 0.155 
135 Hie_Hie9    (0)    2 :  0.026 0.827 0.147 
136 Hie_Hie11    (0)    2 :  0.028 0.797 0.175 
137 Hie_Hie12    (0)    2 :  0.025 0.832 0.143 
138 Hie_Hie13    (0)    2 :  0.024 0.827 0.149 
139 Hie_Hie14    (0)    2 :  0.023 0.841 0.136 
140 Hie_Hie15    (0)    2 :  0.029 0.820 0.151 
141 Hie_Hie16    (0)    2 :  0.023 0.844 0.133 
142 Hie_Hie17    (0)    2 :  0.034 0.782 0.184 
143 Hie_Hie18    (0)    2 :  0.024 0.831 0.145 
144 Hie_Hie19    (0)    2 :  0.027 0.806 0.167 
145 Hie_Hie20    (0)    2 :  0.032 0.817 0.152 
146 Hie_Hie21    (0)    2 :  0.025 0.818 0.157 
147 Hie_Hie22    (0)    2 :  0.026 0.824 0.150 
148 Hie_Hie23    (0)    2 :  0.023 0.841 0.136 
149 Hie_Hie24    (0)    2 :  0.025 0.832 0.143 
150 Hie_Hie25    (0)    2 :  0.026 0.815 0.159 
151 Hie_Hie26    (0)    2 :  0.023 0.842 0.135 
152 Hie_Hie27    (0)    2 :  0.025 0.823 0.152 
153 Hie_Hie28    (0)    2 :  0.032 0.818 0.150 
154 Hie_Hie29    (0)    2 :  0.037 0.811 0.152 
155 Hie_Hie30    (0)    2 :  0.026 0.833 0.141 
156 Hie_Hie31    (0)    2 :  0.028 0.829 0.143 
157 Hie_Hie32    (0)    2 :  0.026 0.836 0.138 
158 Hie_Hie33    (0)    2 :  0.027 0.819 0.154 
159 Hie_Hie34    (0)    2 :  0.026 0.820 0.153 
160 Hie_Hie35    (0)    2 :  0.024 0.822 0.154 
161 Hie_Hie36    (0)    2 :  0.025 0.827 0.149 
162 Hie_Hie37    (0)    2 :  0.028 0.822 0.150 
163 Hie_Hie38    (0)    2 :  0.030 0.830 0.140 
164 Hie_Hie39    (0)    2 :  0.025 0.821 0.154 
165 Hie_Hie40    (0)    2 :  0.025 0.830 0.145 
166 Hie_Hie41    (0)    2 :  0.026 0.833 0.141 
167 Hie_Hie42    (0)    2 :  0.037 0.783 0.180 
168 Hie_Hie43    (0)    2 :  0.038 0.808 0.154 
169 Hie_Hie44    (0)    2 :  0.021 0.831 0.148 
170 Hie_Hie45    (0)    2 :  0.028 0.798 0.175 
171 Hie_Hie46    (0)    2 :  0.027 0.824 0.149 
172 Hie_Hie47    (0)    2 :  0.023 0.837 0.140 
173 Hie_Hie48    (0)    2 :  0.025 0.822 0.153 
174 Hie_Hie49    (0)    2 :  0.022 0.838 0.140 
175 Lar_Lar1    (0)    2 :  0.023 0.840 0.138 
176 Lar_Lar2    (0)    2 :  0.027 0.836 0.137 
177 Lar_Lar3    (0)    2 :  0.034 0.807 0.159 
178 Lar_Lar4    (0)    2 :  0.028 0.819 0.153 
179 Lar_Lar5    (0)    2 :  0.025 0.828 0.147 
180 Lar_Lar6    (0)    2 :  0.025 0.836 0.139 
181 Lar_Lar7    (0)    2 :  0.031 0.796 0.173 
182 Lar_Lar8    (0)    2 :  0.025 0.815 0.160 
183 Lar_Lar10    (0)    2 :  0.028 0.818 0.153 
184 Lar_Lar11    (0)    2 :  0.030 0.824 0.145 
185 Lar_Lar12    (0)    2 :  0.029 0.806 0.165 
186 Lar_Lar14    (0)    2 :  0.024 0.827 0.150 
187 Lar_Lar15    (0)    2 :  0.027 0.828 0.145 
188 Lar_Lar16    (0)    2 :  0.026 0.831 0.143 
189 Lar_Lar17    (0)    2 :  0.025 0.799 0.177 
190 Lar_Lar18    (0)    2 :  0.026 0.821 0.153 
191 Lar_Lar19    (0)    2 :  0.026 0.829 0.145 
192 Lar_Lar20    (0)    2 :  0.036 0.801 0.163 
193 Lar_Lar21    (0)    2 :  0.022 0.847 0.131 
194 Lar_Lar22    (0)    2 :  0.026 0.821 0.153 
195 Lar_Lar23    (0)    2 :  0.024 0.838 0.138 
196 Lar_Lar24    (0)    2 :  0.026 0.820 0.154 
197 Lar_Lar25    (0)    2 :  0.031 0.821 0.148 
198 Lar_Lar26    (0)    2 :  0.029 0.823 0.148 
199 Lar_Lar27    (0)    2 :  0.026 0.821 0.154 
200 Lar_Lar28    (0)    2 :  0.029 0.832 0.139 
201 Lar_Lar29    (0)    2 :  0.025 0.836 0.139 
202 Lar_Lar30    (0)    2 :  0.026 0.821 0.153 
203 Lar_Lar31    (0)    2 :  0.026 0.827 0.146 
204 Lar_Lar32    (0)    2 :  0.026 0.807 0.167 
205 Lar_Lar33    (0)    2 :  0.032 0.816 0.153 
206 Lar_Lar34    (0)    2 :  0.024 0.810 0.166 
207 Lar_Lar35    (0)    2 :  0.023 0.832 0.144 
208 Lar_Lar36    (0)    2 :  0.040 0.808 0.151 
209 Lar_Lar37    (0)    2 :  0.024 0.832 0.143 
210 Lar_Lar38    (0)    2 :  0.023 0.837 0.140 
211 Lar_Lar39    (0)    2 :  0.030 0.816 0.155 
212 Lar_Lar40    (0)    2 :  0.025 0.822 0.153 
213 Lar_Lar41    (0)    2 :  0.023 0.846 0.132 
214 Lar_Lar42    (0)    2 :  0.028 0.832 0.140 
215 Lar_Lar43    (0)    2 :  0.037 0.786 0.177 
216 Lar_Lar44    (0)    2 :  0.031 0.814 0.155 
217 Lar_Lar45    (0)    2 :  0.025 0.826 0.150 
218 Lar_Lar46    (0)    2 :  0.023 0.846 0.132 
219 Lar_Lar47    (0)    2 :  0.027 0.831 0.142 
220 Lar_Lar48    (0)    2 :  0.024 0.817 0.159 
221 Lar_Lar49    (0)    2 :  0.034 0.813 0.153 
222 Lar_Lar50    (0)    2 :  0.024 0.841 0.136 
223 Lar_Lar51    (0)    2 :  0.026 0.816 0.159 
224 Lar_Lar52    (0)    2 :  0.025 0.834 0.142 
225 Lar_Lar53    (0)    2 :  0.022 0.852 0.125 
226 Mara_Mara1    (0)    2 :  0.026 0.835 0.139 
227 Mara_Mara2    (0)    2 :  0.024 0.832 0.143 
228 Mara_Mara3    (0)    2 :  0.022 0.827 0.151 
229 Mara_Mara4    (0)    2 :  0.029 0.829 0.142 
230 Mara_Mara5    (0)    2 :  0.023 0.839 0.138 
231 Mara_Mara6    (0)    2 :  0.027 0.833 0.140 
232 Mara_Mara7    (0)    2 :  0.026 0.834 0.140 
233 Mara_Mara8    (0)    2 :  0.025 0.818 0.157 
234 Mara_Mara9    (0)    2 :  0.022 0.839 0.139 
235 Mara_Mara1_    (0)    2 :  0.035 0.798 0.167 
236 Mara_Mara1_    (0)    2 :  0.032 0.814 0.154 
237 Mara_Mara1_    (0)    2 :  0.027 0.822 0.151 
238 Mara_Mara1_    (0)    2 :  0.028 0.834 0.137 
239 Mara_Mara1_    (0)    2 :  0.042 0.813 0.144 
240 Mara_Mara1_    (0)    2 :  0.027 0.818 0.155 
241 Mara_Mara1_    (0)    2 :  0.027 0.814 0.159 
242 Mara_Mara1_    (0)    2 :  0.025 0.821 0.154 
243 Mara_Mara1_    (0)    2 :  0.027 0.826 0.146 
244 Mara_Mara1_    (0)    2 :  0.025 0.828 0.147 
245 Mara_Mara2_    (0)    2 :  0.027 0.817 0.157 
246 Mara_Mara2_    (0)    2 :  0.033 0.810 0.157 
247 Mara_Mara2_    (0)    2 :  0.023 0.839 0.138 
248 Mara_Mara2_    (0)    2 :  0.025 0.833 0.142 
249 Mara_Mara2_    (0)    2 :  0.026 0.833 0.141 
250 Mara_Mara2_    (0)    2 :  0.025 0.811 0.164 
251 Mara_Mara2_    (0)    2 :  0.023 0.836 0.141 
252 Mara_Mara2_    (0)    2 :  0.025 0.824 0.150 
253 Mara_Mara2_    (0)    2 :  0.034 0.824 0.142 
254 Mara_Mara2_    (0)    2 :  0.033 0.807 0.160 
255 Mara_Mara3_    (0)    2 :  0.045 0.803 0.152 
256 Mara_Mara3_    (0)    2 :  0.030 0.804 0.166 
257 Mara_Mara3_    (0)    2 :  0.024 0.831 0.145 
258 Mara_Mara3_    (0)    2 :  0.027 0.822 0.151 
259 Mara_Mara3_    (0)    2 :  0.033 0.817 0.150 
260 Mara_Mara3_    (0)    2 :  0.030 0.817 0.153 
261 Mara_Mara3_    (0)    2 :  0.029 0.823 0.148 
262 Mara_Mara3_    (0)    2 :  0.025 0.819 0.157 
263 Mara_Mara3_    (0)    2 :  0.023 0.838 0.140 
264 Mara_Mara3_    (0)    2 :  0.026 0.818 0.157 
265 Mara_Mara4_    (0)    2 :  0.028 0.793 0.179 
266 Mara_Mara4_    (0)    2 :  0.024 0.839 0.137 
267 Mara_Mara4_    (0)    2 :  0.025 0.822 0.153 
268 Mara_Mara4_    (0)    2 :  0.027 0.833 0.141 
269 Mara_Mara4_    (0)    2 :  0.024 0.831 0.145 
270 Mara_Mara4_    (0)    2 :  0.024 0.830 0.146 
271 Mara_Mara4_    (0)    2 :  0.025 0.813 0.162 
272 Mara_Mara4_    (0)    2 :  0.024 0.822 0.154 
273 Mara_Mara4_    (0)    2 :  0.031 0.839 0.129 
274 Mara_Mara4_    (0)    2 :  0.024 0.831 0.145 
275 Mara_Mara5_    (0)    2 :  0.026 0.829 0.145 
276 Mara_Mara5_    (0)    2 :  0.027 0.835 0.138 
277 Mara_Mara5_    (0)    2 :  0.034 0.802 0.164 
278 MBO_MBO1    (0)    2 :  0.024 0.808 0.168 
279 MBO_MBO2    (0)    2 :  0.030 0.803 0.167 
280 MBO_MBO3    (0)    2 :  0.022 0.833 0.145 
281 MBO_MBO4    (0)    2 :  0.026 0.818 0.156 
282 MBO_MBO6    (0)    2 :  0.025 0.815 0.160 
283 MBO_MBO7    (0)    2 :  0.026 0.844 0.130 
284 MBO_MBO8    (0)    2 :  0.027 0.799 0.175 
285 MBO_MBO9    (0)    2 :  0.028 0.797 0.175 
286 MBO_MBO10    (0)    2 :  0.025 0.826 0.149 
287 MBO_MBO11    (0)    2 :  0.026 0.833 0.141 
288 MBO_MBO12    (0)    2 :  0.024 0.843 0.133 
289 MBO_MBO13    (0)    2 :  0.023 0.834 0.143 
290 MBO_MBO14    (0)    2 :  0.026 0.832 0.142 
291 MBO_MBO15    (0)    2 :  0.027 0.814 0.160 
292 MBO_MBO16    (0)    2 :  0.023 0.828 0.149 
293 MBO_MBO17    (0)    2 :  0.026 0.827 0.147 
294 MBO_MBO18    (0)    2 :  0.028 0.808 0.164 
295 MBO_MBO19    (0)    2 :  0.025 0.817 0.158 
296 MBO_MBO20    (0)    2 :  0.033 0.824 0.143 
297 MBO_MBO21    (0)    2 :  0.025 0.834 0.141 
298 MBO_MBO22    (0)    2 :  0.025 0.834 0.141 
299 MBO_MBO23    (0)    2 :  0.028 0.827 0.145 
300 MBO_MBO24    (0)    2 :  0.026 0.837 0.137 
301 MBO_MBO25    (0)    2 :  0.024 0.834 0.141 
302 MBO_MBO26    (0)    2 :  0.025 0.829 0.146 
303 MBO_MBO27    (0)    2 :  0.027 0.824 0.149 
304 MBO_MBO28    (0)    2 :  0.030 0.821 0.149 
305 MBO_MBO29    (0)    2 :  0.030 0.822 0.147 
306 MBO_MBO30    (0)    2 :  0.025 0.838 0.137 
307 MBO_MBO31    (0)    2 :  0.026 0.813 0.162 
308 MBO_MBO32    (0)    2 :  0.025 0.834 0.141 
309 MBO_MBO33    (0)    2 :  0.027 0.816 0.157 
310 MBO_MBO34    (0)    2 :  0.026 0.830 0.143 
311 MBO_MBO35    (0)    2 :  0.022 0.837 0.141 
312 MBO_MBO36    (0)    2 :  0.030 0.829 0.141 
313 MBO_MBO37    (0)    2 :  0.027 0.814 0.159 
314 MBO_MBO38    (0)    2 :  0.025 0.812 0.163 
315 MBO_MBO39    (0)    2 :  0.022 0.840 0.138 
316 MBO_MBO40    (0)    2 :  0.026 0.825 0.149 
317 MBO_MBO41    (0)    2 :  0.023 0.803 0.173 
318 MBO_MBO42    (0)    2 :  0.025 0.824 0.151 
319 MBO_MBO43    (0)    2 :  0.021 0.846 0.133 
320 MBO_MBO44    (0)    2 :  0.025 0.824 0.151 
321 MBO_MBO45    (0)    2 :  0.026 0.811 0.163 
322 MBO_MBO46    (0)    2 :  0.025 0.822 0.153 
323 MBO_MBO47    (0)    2 :  0.025 0.824 0.151 
324 MBO_MBO48    (0)    2 :  0.023 0.832 0.145 
325 MBO_MBO49    (0)    2 :  0.026 0.823 0.151 
326 MBO_MBO50    (0)    2 :  0.024 0.835 0.140 
327 MBO_MBO51    (0)    2 :  0.025 0.842 0.133 
328 QBW_QBW1    (0)    2 :  0.024 0.824 0.152 
329 QBW_QBW2    (0)    2 :  0.023 0.840 0.138 
330 QBW_QBW3    (0)    2 :  0.025 0.826 0.149 
331 QBW_QBW4    (0)    2 :  0.032 0.787 0.181 
332 QBW_QBW5    (0)    2 :  0.028 0.833 0.139 
333 QBW_QBW6    (0)    2 :  0.026 0.838 0.137 
334 QBW_QBW7    (0)    2 :  0.025 0.812 0.163 
335 QBW_QBW8    (0)    2 :  0.028 0.819 0.153 
336 QBW_QBW9    (0)    2 :  0.037 0.817 0.146 
337 QBW_QBW10    (0)    2 :  0.027 0.824 0.149 
338 QBW_QBW11    (0)    2 :  0.024 0.824 0.153 
339 QBW_QBW12    (0)    2 :  0.025 0.813 0.162 
340 QBW_QBW13    (0)    2 :  0.026 0.825 0.149 
341 QBW_QBW14    (0)    2 :  0.024 0.835 0.141 
342 QBW_QBW15    (0)    2 :  0.028 0.819 0.153 
343 QBW_QBW16    (0)    2 :  0.027 0.814 0.158 
344 QBW_QBW17    (0)    2 :  0.027 0.810 0.163 
345 QBW_QBW18    (0)    2 :  0.023 0.828 0.149 
346 QBW_QBW19    (0)    2 :  0.024 0.843 0.133 
347 QBW_QBW20    (0)    2 :  0.023 0.838 0.139 
348 QBW_QBW21    (0)    2 :  0.024 0.821 0.155 
349 QBW_QBW22    (0)    2 :  0.026 0.825 0.149 
350 QBW_QBW23    (0)    2 :  0.023 0.834 0.143 
351 QBW_QBW24    (0)    2 :  0.025 0.840 0.135 
352 QBW_QBW25    (0)    2 :  0.029 0.827 0.144 
353 QBW_QBW26    (0)    2 :  0.027 0.821 0.152 
354 QBW_QBW27    (0)    2 :  0.024 0.836 0.140 
355 QBW_QBW28    (0)    2 :  0.024 0.825 0.151 
356 QBW_QBW29    (0)    2 :  0.024 0.819 0.157 
357 QBW_QBW30    (0)    2 :  0.025 0.829 0.146 
358 QBW_QBW31    (0)    2 :  0.025 0.816 0.159 
359 QBW_QBW32    (0)    2 :  0.027 0.814 0.159 
360 QBW_QBW33    (0)    2 :  0.027 0.810 0.163 
361 QBW_QBW34    (0)    2 :  0.023 0.828 0.149 
362 QBW_QBW35    (0)    2 :  0.024 0.843 0.133 
363 QBW_QBW36    (0)    2 :  0.023 0.838 0.139 
364 QBW_QBW37    (0)    2 :  0.028 0.834 0.138 
365 QBW_QBW38    (0)    2 :  0.029 0.825 0.146 
366 QBW_QBW39    (0)    2 :  0.025 0.826 0.149 
367 QBW_QBW40    (0)    2 :  0.026 0.832 0.142 
368 QBW_QBW41    (0)    2 :  0.033 0.824 0.143 
369 QBW_QBW42    (0)    2 :  0.023 0.819 0.158 
370 QBW_QBW43    (0)    2 :  0.038 0.829 0.133 
371 QBW_QBW44    (0)    2 :  0.030 0.827 0.143 
372 QBW_QBW45    (0)    2 :  0.033 0.820 0.147 
373 QBW_QBW46    (0)    2 :  0.022 0.833 0.145 
374 QBW_QBW47    (0)    2 :  0.027 0.820 0.153 
375 QBW_QBW48    (0)    2 :  0.023 0.836 0.142 
376 QBW_QBW49    (0)    2 :  0.034 0.815 0.151 
377 QBW_QBW50    (0)    2 :  0.026 0.809 0.165 
378 QBW_QBW51    (0)    2 :  0.028 0.783 0.189 
379 QBW_QBW52    (0)    2 :  0.022 0.839 0.139 
380 QBW_QBW53    (0)    2 :  0.024 0.815 0.161 
381 QBW_QBW54    (0)    2 :  0.026 0.825 0.148 
382 Ten_Ten1    (0)    2 :  0.028 0.837 0.135 
383 Ten_Ten2    (0)    2 :  0.024 0.836 0.140 
384 Ten_Ten3    (0)    2 :  0.029 0.829 0.142 
385 Ten_Ten4    (0)    2 :  0.024 0.817 0.159 
386 Ten_Ten5    (0)    2 :  0.023 0.837 0.140 
387 Ten_Ten6    (0)    2 :  0.024 0.843 0.134 
388 Ten_Ten7    (0)    2 :  0.035 0.789 0.176 
389 Ten_Ten8    (0)    2 :  0.024 0.826 0.150 
390 Ten_Ten9    (0)    2 :  0.027 0.819 0.154 
391 Ten_Ten10    (0)    2 :  0.027 0.815 0.158 
392 Ten_Ten11    (0)    2 :  0.030 0.830 0.139 
393 Ten_Ten12    (0)    2 :  0.028 0.821 0.151 
394 Ten_Ten13    (0)    2 :  0.032 0.821 0.147 
395 Ten_Ten14    (0)    2 :  0.025 0.816 0.159 
396 Ten_Ten15    (0)    2 :  0.026 0.811 0.163 
397 Ten_Ten16    (0)    2 :  0.025 0.839 0.136 
398 Ten_Ten17    (0)    2 :  0.023 0.810 0.166 
399 Ten_Ten18    (0)    2 :  0.030 0.823 0.146 
400 Ten_Ten19    (0)    2 :  0.026 0.816 0.158 
401 Ten_Ten20    (0)    2 :  0.026 0.823 0.151 
402 Ten_Ten21    (0)    2 :  0.024 0.815 0.161 
403 Ten_Ten22    (0)    2 :  0.023 0.833 0.144 
404 Ten_Ten23    (0)    2 :  0.026 0.805 0.169 
405 Ten_Ten24    (0)    2 :  0.027 0.820 0.153 
406 Ten_Ten25    (0)    2 :  0.030 0.828 0.143 
407 Ten_Ten26    (0)    2 :  0.025 0.809 0.166 
408 Ten_Ten27    (0)    2 :  0.024 0.820 0.156 
409 Ten_Ten28    (0)    2 :  0.029 0.809 0.162 
410 Ten_Ten29    (0)    2 :  0.022 0.840 0.137 
411 Ten_Ten30    (0)    2 :  0.023 0.839 0.137 
412 Ten_Ten31    (0)    2 :  0.027 0.807 0.165 
413 Ten_Ten32    (0)    2 :  0.024 0.828 0.148 
414 Ten_Ten33    (0)    2 :  0.028 0.808 0.164 
415 Ten_Ten34    (0)    2 :  0.023 0.844 0.133 
416 Ten_Ten35    (0)    2 :  0.022 0.831 0.147 
417 Ten_Ten36    (0)    2 :  0.032 0.809 0.159 
418 Ten_Ten37    (0)    2 :  0.022 0.848 0.130 
419 Ten_Ten38    (0)    2 :  0.026 0.837 0.136 
420 Ten_Ten39    (0)    2 :  0.033 0.824 0.143 
421 Ten_Ten40    (0)    2 :  0.023 0.831 0.145 
422 Ten_Ten41    (0)    2 :  0.023 0.830 0.147 
423 Ten_Ten42    (0)    2 :  0.038 0.809 0.153 
424 Ten_Ten43    (0)    2 :  0.024 0.839 0.137 
425 Ten_Ten44    (0)    2 :  0.034 0.827 0.139 
426 Ten_Ten45    (0)    2 :  0.022 0.841 0.137 
427 Ten_Ten46    (0)    2 :  0.024 0.817 0.159 
428 Ten_Ten47    (0)    2 :  0.022 0.813 0.164 
429 Ten_Ten48    (0)    2 :  0.030 0.826 0.144 
430 Ten_Ten49    (0)    2 :  0.025 0.844 0.132 
431 Ten_Ten50    (0)    2 :  0.024 0.823 0.153 
432 Ten_Ten51    (0)    2 :  0.022 0.844 0.135 
433 Ten_Ten52    (0)    2 :  0.032 0.800 0.168 
434 Tote_Tote1    (0)    2 :  0.025 0.835 0.140 
435 Tote_Tote2    (0)    2 :  0.028 0.794 0.177 
436 Tote_Tote3    (0)    2 :  0.024 0.826 0.149 
437 Tote_Tote4    (0)    2 :  0.030 0.831 0.139 
438 Tote_Tote5    (0)    2 :  0.029 0.825 0.146 
439 Tote_Tote6    (0)    2 :  0.027 0.815 0.159 
440 Tote_Tote7    (0)    2 :  0.031 0.808 0.161 
441 Tote_Tote8    (0)    2 :  0.025 0.845 0.131 
442 Tote_Tote1_    (0)    2 :  0.025 0.817 0.158 
443 Tote_Tote1_    (0)    2 :  0.023 0.838 0.139 
444 Tote_Tote1_    (0)    2 :  0.025 0.812 0.163 
445 Tote_Tote1_    (0)    2 :  0.029 0.814 0.157 
446 Tote_Tote1_    (0)    2 :  0.028 0.809 0.162 
447 Tote_Tote1_    (0)    2 :  0.031 0.815 0.155 
448 Tote_Tote1_    (0)    2 :  0.034 0.792 0.174 
449 Tote_Tote1_    (0)    2 :  0.027 0.789 0.185 
450 Tote_Tote1_    (0)    2 :  0.031 0.830 0.139 
451 Tote_Tote2_    (0)    2 :  0.026 0.821 0.153 
452 Tote_Tote2_    (0)    2 :  0.026 0.825 0.148 
453 Tote_Tote2_    (0)    2 :  0.024 0.816 0.160 
454 Tote_Tote2_    (0)    2 :  0.024 0.833 0.143 
455 Tote_Tote2_    (0)    2 :  0.031 0.821 0.149 
456 Tote_Tote2_    (0)    2 :  0.022 0.838 0.140 
457 Tote_Tote2_    (0)    2 :  0.024 0.833 0.143 
458 Tote_Tote2_    (0)    2 :  0.023 0.832 0.145 
459 Tote_Tote2_    (0)    2 :  0.024 0.826 0.150 
460 Tote_Tote2_    (0)    2 :  0.024 0.836 0.140 
461 Tote_Tote3_    (0)    2 :  0.032 0.787 0.181 
462 Tote_Tote3_    (0)    2 :  0.026 0.841 0.133 
463 Tote_Tote3_    (0)    2 :  0.026 0.825 0.148 
464 Tote_Tote3_    (0)    2 :  0.027 0.824 0.149 
465 Tote_Tote3_    (0)    2 :  0.024 0.822 0.154 
466 Tote_Tote3_    (0)    2 :  0.032 0.821 0.147 
467 Tote_Tote3_    (0)    2 :  0.035 0.816 0.148 
468 Tote_Tote3_    (0)    2 :  0.024 0.822 0.154 
469 Tote_Tote3_    (0)    2 :  0.025 0.820 0.155 
470 Tote_Tote3_    (0)    2 :  0.033 0.793 0.174 
471 Tote_Tote4_    (0)    2 :  0.026 0.820 0.154 
472 Tote_Tote4_    (0)    2 :  0.025 0.836 0.139 
473 Tote_Tote4_    (0)    2 :  0.023 0.841 0.137 
474 Tote_Tote4_    (0)    2 :  0.031 0.806 0.163 
475 Tote_Tote4_    (0)    2 :  0.028 0.812 0.159 
476 Tote_Tote4_    (0)    2 :  0.027 0.819 0.154 
477 Tote_Tote4_    (0)    2 :  0.027 0.811 0.162 
478 Tote_Tote4_    (0)    2 :  0.026 0.837 0.136 
479 Tote_Tote4_    (0)    2 :  0.030 0.836 0.134 
480 Tote_Tote4_    (0)    2 :  0.034 0.831 0.135 
481 Tote_Tote5_    (0)    2 :  0.025 0.818 0.157 
482 Tote_Tote5_    (0)    2 :  0.024 0.816 0.160 
483 Tote_Tote5_    (0)    2 :  0.024 0.819 0.157 
484 Tote_Tote5_    (0)    2 :  0.021 0.842 0.137 
485 Tote_Tote5_    (0)    2 :  0.026 0.822 0.152 
486 Tote_Tote5_    (0)    2 :  0.021 0.837 0.142 
487 Taga_Taga1    (0)    3 :  0.120 0.068 0.812 
488 Taga_Taga2    (0)    3 :  0.126 0.083 0.790 
489 Taga_Taga3    (0)    3 :  0.102 0.078 0.820 
490 Taga_Taga4    (0)    3 :  0.118 0.073 0.809 
491 Taga_Taga5    (0)    3 :  0.129 0.077 0.794 
492 Taga_Taga6    (0)    3 :  0.118 0.098 0.784 
493 Taga_Taga7    (0)    3 :  0.117 0.080 0.803 
494 Taga_Taga8    (0)    3 :  0.131 0.079 0.790 
495 Taga_Taga9    (0)    3 :  0.107 0.073 0.820 
496 Taga_Taga1_    (0)    3 :  0.123 0.100 0.777 
497 Taga_Taga1_    (0)    3 :  0.160 0.080 0.760 
498 Taga_Taga1_    (0)    3 :  0.125 0.083 0.791 
499 Taga_Taga1_    (0)    3 :  0.103 0.085 0.812 
500 Taga_Taga1_    (0)    3 :  0.119 0.077 0.804 
501 Taga_Taga1_    (0)    3 :  0.110 0.075 0.814 
502 Taga_Taga1_    (0)    3 :  0.145 0.071 0.784 
503 Taga_Taga1_    (0)    3 :  0.152 0.073 0.775 
504 Taga_Taga1_    (0)    3 :  0.133 0.076 0.792 
505 Taga_Taga1_    (0)    3 :  0.133 0.071 0.796 
506 Taga_Taga2_    (0)    3 :  0.127 0.071 0.802 
507 Taga_Taga2_    (0)    3 :  0.115 0.069 0.816 
508 Taga_Taga2_    (0)    3 :  0.130 0.094 0.777 
509 Taga_Taga2_    (0)    3 :  0.120 0.101 0.780 
510 Taga_Taga2_    (0)    3 :  0.115 0.080 0.805 
511 Taga_Taga2_    (0)    3 :  0.118 0.079 0.803 
512 Taga_Taga2_    (0)    3 :  0.116 0.073 0.811 
513 Taga_Taga2_    (0)    3 :  0.127 0.070 0.804 
514 Taga_Taga2_    (0)    3 :  0.104 0.082 0.815 
515 Taga_Taga2_    (0)    3 :  0.136 0.075 0.788 
516 Taga_Taga3_    (0)    3 :  0.132 0.083 0.786 
517 Taga_Taga3_    (0)    3 :  0.103 0.077 0.821 
518 Taga_Taga3_    (0)    3 :  0.111 0.074 0.815 
519 Taga_Taga3_    (0)    3 :  0.142 0.067 0.791 
520 Taga_Taga3_    (0)    3 :  0.103 0.114 0.783 
521 Taga_Taga3_    (0)    3 :  0.112 0.077 0.811 
522 Taga_Taga3_    (0)    3 :  0.124 0.070 0.806 
523 Taga_Taga3_    (0)    3 :  0.117 0.088 0.795 
524 Taga_Taga3_    (0)    3 :  0.128 0.083 0.789 
525 Taga_Taga3_    (0)    3 :  0.126 0.070 0.805 
526 Taga_Taga4_    (0)    3 :  0.123 0.075 0.802 
527 Taga_Taga4_    (0)    3 :  0.119 0.068 0.812 
528 Taga_Taga4_    (0)    3 :  0.119 0.064 0.817 
529 Taga_Taga4_    (0)    3 :  0.132 0.097 0.771 
530 Taga_Taga4_    (0)    3 :  0.114 0.084 0.803 
531 Taga_Taga4_    (0)    3 :  0.106 0.082 0.811 
532 Taga_Taga4_    (0)    3 :  0.121 0.107 0.772 
533 Taga_Taga4_    (0)    3 :  0.107 0.091 0.802 
534 Taga_Taga4_    (0)    3 :  0.132 0.095 0.772 
535 Taga_Taga4_    (0)    3 :  0.139 0.079 0.782 
536 Taga_Taga5_    (0)    3 :  0.117 0.069 0.814 
537 Taga_Taga5_    (0)    3 :  0.125 0.079 0.795 
538 Taga_Taga5_    (0)    3 :  0.126 0.069 0.806 
539 Mata_Mata1    (0)    3 :  0.134 0.074 0.792 
540 Mata_Mata2    (0)    3 :  0.114 0.068 0.818 
541 Mata_Mata3    (0)    3 :  0.132 0.067 0.801 
542 Mata_Mata4    (0)    3 :  0.141 0.074 0.786 
543 Mata_Mata5    (0)    3 :  0.125 0.084 0.791 
544 Mata_Mata6    (0)    3 :  0.114 0.073 0.814 
545 Mata_Mata7    (0)    3 :  0.126 0.089 0.785 
546 Mata_Mata8    (0)    3 :  0.133 0.080 0.787 
547 Mata_Mata9    (0)    3 :  0.148 0.085 0.767 
548 Mata_Mata1_    (0)    3 :  0.144 0.070 0.786 
549 Mata_Mata1_    (0)    3 :  0.120 0.084 0.796 
550 Mata_Mata1_    (0)    3 :  0.124 0.092 0.784 
551 Mata_Mata1_    (0)    3 :  0.123 0.103 0.774 
552 Mata_Mata1_    (0)    3 :  0.127 0.072 0.801 
553 Mata_Mata1_    (0)    3 :  0.165 0.093 0.742 
554 Mata_Mata1_    (0)    3 :  0.136 0.076 0.788 
555 Mata_Mata1_    (0)    3 :  0.135 0.069 0.796 
556 Mata_Mata1_    (0)    3 :  0.133 0.082 0.784 
557 Mata_Mata1_    (0)    3 :  0.116 0.079 0.805 
558 Mata_Mata2_    (0)    3 :  0.125 0.109 0.766 
559 Mata_Mata2_    (0)    3 :  0.107 0.093 0.801 
560 Mata_Mata2_    (0)    3 :  0.130 0.081 0.789 
561 Mata_Mata2_    (0)    3 :  0.144 0.095 0.761 
562 Mata_Mata2_    (0)    3 :  0.106 0.105 0.789 
563 Mata_Mata2_    (0)    3 :  0.101 0.094 0.805 
564 Mata_Mata2_    (0)    3 :  0.106 0.085 0.808 
565 Mata_Mata2_    (0)    3 :  0.116 0.070 0.814 
566 Mata_Mata2_    (0)    3 :  0.138 0.108 0.754 
567 Mata_Mata3_    (0)    3 :  0.108 0.081 0.811 
568 Mata_Mata3_    (0)    3 :  0.128 0.083 0.789 
569 Mata_Mata3_    (0)    3 :  0.114 0.088 0.798 
570 Mata_Mata3_    (0)    3 :  0.120 0.071 0.809 
571 Mata_Mata3_    (0)    3 :  0.119 0.071 0.810 
572 Mata_Mata3_    (0)    3 :  0.140 0.072 0.788 
573 Mata_Mata3_    (0)    3 :  0.135 0.086 0.779 
574 Mata_Mata3_    (0)    3 :  0.130 0.074 0.795 
575 Mata_Mata3_    (0)    3 :  0.106 0.067 0.828 
576 Mata_Mata4_    (0)    3 :  0.125 0.067 0.808 
577 Mata_Mata4_    (0)    3 :  0.131 0.066 0.803 
578 Mata_Mata4_    (0)    3 :  0.115 0.075 0.810 
579 Mata_Mata4_    (0)    3 :  0.121 0.074 0.805 
580 Mata_Mata4_    (0)    3 :  0.144 0.081 0.774 
581 Mata_Mata4_    (0)    3 :  0.110 0.066 0.824 
582 Mata_Mata4_    (0)    3 :  0.127 0.075 0.798 
583 Mata_Mata4_    (0)    3 :  0.134 0.069 0.797 
584 Mata_Mata4_    (0)    3 :  0.123 0.080 0.798 
585 Mata_Mata4_    (0)    3 :  0.129 0.066 0.805 
586 Mata_Mata5_    (0)    3 :  0.127 0.100 0.773 
587 Muaiv_Muai    (0)    3 :  0.135 0.077 0.788 
588 Muaiv_Muai_    (0)    3 :  0.160 0.077 0.763 
589 Muaiv_Muai_    (0)    3 :  0.120 0.079 0.801 
590 Muaiv_Muai_    (0)    3 :  0.160 0.071 0.769 
591 Muaiv_Muai_    (0)    3 :  0.129 0.077 0.795 
592 Muaiv_Muai_    (0)    3 :  0.134 0.082 0.784 
593 Muaiv_Muai_    (0)    3 :  0.129 0.073 0.798 
594 Muaiv_Muai_    (0)    3 :  0.127 0.081 0.793 
595 Muaiv_Muai_    (0)    3 :  0.166 0.069 0.765 
596 Muaiv_Muai_    (0)    3 :  0.121 0.073 0.807 
597 Muaiv_Muai_    (0)    3 :  0.127 0.111 0.762 
598 Muaiv_Muai_    (0)    3 :  0.158 0.074 0.767 
599 Muaiv_Muai_    (0)    3 :  0.136 0.082 0.782 
600 Muaiv_Muai_    (0)    3 :  0.134 0.089 0.776 
601 Muaiv_Muai_    (0)    3 :  0.114 0.069 0.817 
602 Muaiv_Muai_    (0)    3 :  0.114 0.083 0.803 
603 Muaiv_Muai_    (0)    3 :  0.121 0.070 0.810 
604 Muaiv_Muai_    (0)    3 :  0.136 0.127 0.738 
605 Muaiv_Muai_    (0)    3 :  0.130 0.081 0.789 
606 Muaiv_Muai_    (0)    3 :  0.141 0.067 0.792 
607 Muaiv_Muai_    (0)    3 :  0.124 0.067 0.809 
608 Muaiv_Muai_    (0)    3 :  0.144 0.079 0.777 
609 Muaiv_Muai_    (0)    3 :  0.136 0.087 0.778 
610 Muaiv_Muai_    (0)    3 :  0.154 0.083 0.763 
611 Muaiv_Muai_    (0)    3 :  0.136 0.079 0.785 
612 Muaiv_Muai_    (0)    3 :  0.125 0.071 0.804 
613 Muaiv_Muai_    (0)    3 :  0.157 0.070 0.773 
614 Muaiv_Muai_    (0)    3 :  0.108 0.080 0.812 
615 Muaiv_Muai_    (0)    3 :  0.137 0.078 0.784 
616 Muaiv_Muai_    (0)    3 :  0.135 0.076 0.788 
617 Muaiv_Muai_    (0)    3 :  0.135 0.076 0.788 
618 Muaiv_Muai_    (0)    3 :  0.124 0.084 0.792 
619 Muaiv_Muai_    (0)    3 :  0.156 0.089 0.755 
620 Muaiv_Muai_    (0)    3 :  0.107 0.074 0.820 
621 Muaiv_Muai_    (0)    3 :  0.114 0.098 0.788 
622 Muaiv_Muai_    (0)    3 :  0.131 0.089 0.780 
623 Muaiv_Muai_    (0)    3 :  0.115 0.068 0.817 
624 Muaiv_Muai_    (0)    3 :  0.134 0.080 0.786 
625 Muaiv_Muai_    (0)    3 :  0.118 0.085 0.798 
626 Muaiv_Muai_    (0)    3 :  0.117 0.081 0.802 
627 Muaiv_Muai_    (0)    3 :  0.117 0.070 0.813 
628 Muaiv_Muai_    (0)    3 :  0.129 0.071 0.800 
629 Muaiv_Muai_    (0)    3 :  0.122 0.097 0.781 
630 Muaiv_Muai_    (0)    3 :  0.119 0.067 0.814 
631 Muaiv_Muai_    (0)    3 :  0.126 0.108 0.766 
632 Muaiv_Muai_    (0)    3 :  0.143 0.098 0.759 
633 Muaiv_Muai_    (0)    3 :  0.119 0.073 0.808 
634 Muaiv_Muai_    (0)    3 :  0.121 0.095 0.784 
635 Muaiv_Muai_    (0)    3 :  0.121 0.084 0.795 
636 Muaiv_Muai_    (0)    3 :  0.125 0.072 0.803 
637 Muaiv_Muai_    (0)    3 :  0.102 0.079 0.819 
638 Muaiv_Muai_    (0)    3 :  0.123 0.080 0.797 
639 Muaiv_Muai_    (0)    3 :  0.165 0.086 0.749 
640 Muaiv_Muai_    (0)    3 :  0.114 0.072 0.814 
641 Nadi_Nadi1    (0)    3 :  0.122 0.098 0.780 
642 Nadi_Nadi2    (0)    3 :  0.115 0.068 0.817 
643 Nadi_Nadi3    (0)    3 :  0.148 0.068 0.784 
644 Nadi_Nadi4    (0)    3 :  0.104 0.086 0.811 
645 Nadi_Nadi5    (0)    3 :  0.138 0.087 0.775 
646 Nadi_Nadi7    (0)    3 :  0.115 0.093 0.792 
647 Nadi_Nadi8    (0)    3 :  0.112 0.083 0.805 
648 Nadi_Nadi9    (0)    3 :  0.120 0.073 0.807 
649 Nadi_Nadi1_    (0)    3 :  0.109 0.069 0.823 
650 Nadi_Nadi1_    (0)    3 :  0.117 0.074 0.808 
651 Nadi_Nadi1_    (0)    3 :  0.110 0.075 0.815 
652 Nadi_Nadi1_    (0)    3 :  0.111 0.082 0.807 
653 Nadi_Nadi1_    (0)    3 :  0.111 0.089 0.800 
654 Nadi_Nadi1_    (0)    3 :  0.133 0.066 0.802 
655 Nadi_Nadi1_    (0)    3 :  0.132 0.081 0.788 
656 Nadi_Nadi1_    (0)    3 :  0.118 0.072 0.810 
657 Nadi_Nadi1_    (0)    3 :  0.107 0.076 0.817 
658 Nadi_Nadi1_    (0)    3 :  0.128 0.071 0.800 
659 Nadi_Nadi2_    (0)    3 :  0.125 0.080 0.795 
660 Nadi_Nadi2_    (0)    3 :  0.123 0.110 0.767 
661 Nadi_Nadi2_    (0)    3 :  0.155 0.065 0.780 
662 Nadi_Nadi2_    (0)    3 :  0.113 0.071 0.816 
663 Nadi_Nadi2_    (0)    3 :  0.131 0.066 0.803 
664 Nadi_Nadi2_    (0)    3 :  0.123 0.079 0.798 
665 Nadi_Nadi2_    (0)    3 :  0.127 0.068 0.805 
666 Nadi_Nadi2_    (0)    3 :  0.121 0.158 0.721 
667 Nadi_Nadi2_    (0)    3 :  0.133 0.091 0.776 
668 Nadi_Nadi3_    (0)    3 :  0.118 0.066 0.816 
669 Nadi_Nadi3_    (0)    3 :  0.117 0.081 0.803 
670 Nadi_Nadi3_    (0)    3 :  0.116 0.082 0.801 
671 Nadi_Nadi3_    (0)    3 :  0.121 0.071 0.808 
672 Nadi_Nadi3_    (0)    3 :  0.133 0.079 0.788 
673 Nadi_Nadi3_    (0)    3 :  0.127 0.076 0.798 
674 Nadi_Nadi3_    (0)    3 :  0.101 0.070 0.829 
675 Nadi_Nadi3_    (0)    3 :  0.105 0.067 0.828 
676 Nadi_Nadi3_    (0)    3 :  0.141 0.067 0.793 
677 Nadi_Nadi3_    (0)    3 :  0.131 0.081 0.788 
678 Nadi_Nadi4_    (0)    3 :  0.111 0.085 0.804 
679 Nadi_Nadi4_    (0)    3 :  0.112 0.063 0.825 
680 Nadi_Nadi4_    (0)    3 :  0.140 0.073 0.787 
681 Nadi_Nadi4_    (0)    3 :  0.104 0.081 0.815 
682 Nadi_Nadi4_    (0)    3 :  0.124 0.078 0.798 
683 Nadi_Nadi4_    (0)    3 :  0.122 0.071 0.807 
684 Nadi_Nadi4_    (0)    3 :  0.112 0.083 0.805 
685 Nadi_Nadi4_    (0)    3 :  0.109 0.069 0.822 
686 Nadi_Nadi4_    (0)    3 :  0.133 0.072 0.795 
687 Nadi_Nadi4_    (0)    3 :  0.132 0.080 0.788 
688 Nadi_Nadi5_    (0)    3 :  0.108 0.084 0.808 
689 Nadi_Nadi5_    (0)    3 :  0.150 0.074 0.776 
690 Nadi_Nadi5_    (0)    3 :  0.115 0.090 0.794 
691 Nadi_Nadi5_    (0)    3 :  0.115 0.064 0.821 
692 Suva_Suva1    (0)    3 :  0.139 0.064 0.797 
693 Suva_Suva2    (0)    3 :  0.130 0.076 0.794 
694 Suva_Suva3    (0)    3 :  0.125 0.089 0.786 
695 Suva_Suva4    (0)    3 :  0.142 0.077 0.782 
696 Suva_Suva5    (0)    3 :  0.144 0.084 0.771 
697 Suva_Suva6    (0)    3 :  0.113 0.070 0.817 
698 Suva_Suva7    (0)    3 :  0.112 0.072 0.816 
699 Suva_Suva8    (0)    3 :  0.125 0.085 0.790 
700 Suva_Suva9    (0)    3 :  0.145 0.069 0.786 
701 Suva_Suva1_    (0)    3 :  0.147 0.087 0.765 
702 Suva_Suva1_    (0)    3 :  0.115 0.095 0.790 
703 Suva_Suva1_    (0)    3 :  0.115 0.074 0.811 
704 Suva_Suva1_    (0)    3 :  0.104 0.074 0.822 
705 Suva_Suva1_    (0)    3 :  0.129 0.066 0.806 
706 Suva_Suva1_    (0)    3 :  0.111 0.158 0.731 
707 Suva_Suva1_    (0)    3 :  0.112 0.072 0.816 
708 Suva_Suva1_    (0)    3 :  0.101 0.095 0.804 
709 Suva_Suva1_    (0)    3 :  0.122 0.069 0.809 
710 Suva_Suva1_    (0)    3 :  0.113 0.080 0.807 
711 Suva_Suva2_    (0)    3 :  0.131 0.077 0.791 
712 Suva_Suva2_    (0)    3 :  0.104 0.085 0.811 
713 Suva_Suva2_    (0)    3 :  0.142 0.068 0.789 
714 Suva_Suva2_    (0)    3 :  0.179 0.090 0.730 
715 Suva_Suva2_    (0)    3 :  0.118 0.077 0.805 
716 Suva_Suva2_    (0)    3 :  0.139 0.069 0.792 
717 Suva_Suva2_    (0)    3 :  0.182 0.093 0.724 
718 Suva_Suva2_    (0)    3 :  0.126 0.073 0.800 
719 Suva_Suva2_    (0)    3 :  0.141 0.088 0.771 
720 Suva_Suva2_    (0)    3 :  0.104 0.131 0.765 
721 Suva_Suva3_    (0)    3 :  0.146 0.080 0.774 
722 Suva_Suva3_    (0)    3 :  0.137 0.072 0.791 
723 Suva_Suva3_    (0)    3 :  0.154 0.080 0.767 
724 Suva_Suva3_    (0)    3 :  0.147 0.082 0.771 
725 Suva_Suva3_    (0)    3 :  0.140 0.087 0.773 
726 Suva_Suva3_    (0)    3 :  0.140 0.079 0.781 
727 Suva_Suva3_    (0)    3 :  0.131 0.066 0.803 
728 Suva_Suva3_    (0)    3 :  0.123 0.071 0.806 
729 Suva_Suva3_    (0)    3 :  0.127 0.067 0.806 
730 Suva_Suva3_    (0)    3 :  0.122 0.090 0.789 
731 Suva_Suva4_    (0)    3 :  0.118 0.083 0.799 
732 Suva_Suva4_    (0)    3 :  0.107 0.095 0.798 
733 Suva_Suva4_    (0)    3 :  0.110 0.077 0.813 
734 Suva_Suva4_    (0)    3 :  0.130 0.072 0.798 
735 Suva_Suva4_    (0)    3 :  0.128 0.080 0.791 
736 Suva_Suva4_    (0)    3 :  0.106 0.075 0.819 
737 Suva_Suva4_    (0)    3 :  0.123 0.089 0.788 
738 Suva_Suva4_    (0)    3 :  0.124 0.076 0.800 
739 Suva_Suva4_    (0)    3 :  0.109 0.076 0.815 
740 Suva_Suva4_    (0)    3 :  0.114 0.072 0.814 
741 Suva_Suva5_    (0)    3 :  0.136 0.068 0.796 
742 Suva_Suva5_    (0)    3 :  0.117 0.078 0.806 
743 Suva_Suva5_    (0)    3 :  0.110 0.092 0.798 
744 Suva_Suva5_    (0)    3 :  0.108 0.081 0.811 
745 Suva_Suva5_    (0)    3 :  0.129 0.065 0.806 
746 Suva_Suva5_    (0)    3 :  0.114 0.079 0.807 
747 Suva_Suva5_    (0)    3 :  0.132 0.080 0.788 
748 Tave_Tave1    (0)    3 :  0.124 0.100 0.776 
749 Tave_Tave2    (0)    3 :  0.143 0.092 0.765 
750 Tave_Tave3    (0)    3 :  0.129 0.081 0.790 
751 Tave_Tave4    (0)    3 :  0.109 0.080 0.811 
752 Tave_Tave5    (0)    3 :  0.133 0.070 0.797 
753 Tave_Tave6    (0)    3 :  0.110 0.074 0.817 
754 Tave_Tave7    (0)    3 :  0.133 0.071 0.796 
755 Tave_Tave8    (0)    3 :  0.111 0.087 0.802 
756 Tave_Tave9    (0)    3 :  0.123 0.110 0.768 
757 Tave_Tave1_    (0)    3 :  0.106 0.071 0.823 
758 Tave_Tave1_    (0)    3 :  0.111 0.093 0.796 
759 Tave_Tave1_    (0)    3 :  0.121 0.084 0.795 
760 Tave_Tave1_    (0)    3 :  0.124 0.088 0.788 
761 Tave_Tave1_    (0)    3 :  0.119 0.070 0.811 
762 Tave_Tave1_    (0)    3 :  0.107 0.071 0.822 
763 Tave_Tave1_    (0)    3 :  0.116 0.111 0.773 
764 Tave_Tave1_    (0)    3 :  0.143 0.069 0.788 
765 Tave_Tave1_    (0)    3 :  0.148 0.122 0.730 
766 Tave_Tave1_    (0)    3 :  0.128 0.077 0.795 
767 Tave_Tave2_    (0)    3 :  0.162 0.068 0.770 
768 Tave_Tave2_    (0)    3 :  0.122 0.133 0.744 
769 Tave_Tave2_    (0)    3 :  0.124 0.066 0.810 
770 Tave_Tave2_    (0)    3 :  0.117 0.081 0.802 
