

----------------------------------------------------
STRUCTURE by Pritchard, Stephens and Donnelly (2000)
     and Falush, Stephens and Pritchard (2003)
       Code by Pritchard, Falush and Hubisz
             Version 2.3.4 (Jul 2012)
----------------------------------------------------



Command line arguments:   /opt/anaconda3/bin/structure -K 4 -i /data/home/edc5240/Daruanus/Daruanus_All_8locus_stru.txt -o /data/home/edc5240/Daruanus/output/str_K4_rep1 -D 5531738 -m /data/home/edc5240/Daruanus/mainparams -e /data/home/edc5240/Daruanus/extraparams 
Input File:    /data/home/edc5240/Daruanus/Daruanus_All_8locus_stru.txt

Run parameters:
   1358 individuals
   8 loci
   4 populations assumed
   250000 Burn-in period
   1000000 Reps
LOCPRIOR model used
RANDOMIZE turned off


--------------------------------------------
Proportion of membership of each pre-defined
 population in each of the 4 clusters

Given    Inferred Clusters              Number of
 Pop       1      2      3      4      Individuals

  1:     0.690  0.008  0.289  0.013       72
  2:     0.005  0.018  0.857  0.120      414
  3:     0.006  0.129  0.086  0.779      358
  4:     0.008  0.896  0.016  0.081      441
  5:     0.002  0.925  0.016  0.057       73
--------------------------------------------

Allele-freq. divergence among pops (Net nucleotide distance),
computed using point estimates of P.

      1       2       3       4      
 1      -    0.0502  0.0101  0.0449  
 2   0.0502     -    0.0395  0.0383  
 3   0.0101  0.0395     -    0.0342  
 4   0.0449  0.0383  0.0342     -    

Average distances (expected heterozygosity) between individuals in same cluster:
cluster  1  : 0.8916 
cluster  2  : 0.8345 
cluster  3  : 0.9073 
cluster  4  : 0.8168 

--------------------------------------------
Estimated Ln Prob of Data   = -55377.5
Mean value of ln likelihood = -54885.6
Variance of ln likelihood   = 983.7
Mean value of alpha         = 4.0077

Mean value of alpha_local for each location:
	location  1:  8.8969  0.1119  4.1251  0.1810
	location  2:  0.1244  0.4116  21.4579  3.2119
	location  3:  0.1368  3.1784  2.1275  19.0478
	location  4:  0.1126  12.6189  0.2156  1.1800
	location  5:  0.0237  8.9877  0.1616  0.6049

Mean value of Fst_1         = 0.0299
Mean value of Fst_2         = 0.0679
Mean value of Fst_3         = 0.0045
Mean value of Fst_4         = 0.0498

Mean value of r = 0.0820

Inferred ancestry of individuals:
        Label (%Miss) Pop:  Inferred clusters
  1 Lion_Lion1    (0)    1 :  0.753 0.007 0.231 0.010 
  2 Lion_Lion2    (0)    1 :  0.682 0.010 0.286 0.022 
  3 Lion_Lion3    (0)    1 :  0.725 0.010 0.249 0.016 
  4 Lion_Lion4    (0)    1 :  0.676 0.012 0.297 0.016 
  5 Lion_Lion5    (0)    1 :  0.726 0.006 0.258 0.010 
  6 Lion_Lion6    (0)    1 :  0.670 0.005 0.315 0.010 
  7 Lion_Lion7    (0)    1 :  0.675 0.007 0.307 0.012 
  8 Lion_Lion8    (0)    1 :  0.696 0.008 0.283 0.013 
  9 Lion_Lion9    (0)    1 :  0.720 0.015 0.244 0.020 
 10 Lion_Lion10    (0)    1 :  0.593 0.005 0.395 0.008 
 11 Lion_Lion11    (0)    1 :  0.709 0.007 0.270 0.014 
 12 Lion_Lion13    (0)    1 :  0.671 0.009 0.306 0.013 
 13 Lion_Lion14    (0)    1 :  0.729 0.009 0.251 0.010 
 14 Lion_Lion15    (0)    1 :  0.660 0.006 0.323 0.011 
 15 Lion_Lion16    (0)    1 :  0.673 0.005 0.313 0.009 
 16 Lion_Lion17    (0)    1 :  0.739 0.007 0.244 0.010 
 17 Lion_Lion18    (0)    1 :  0.709 0.005 0.275 0.010 
 18 Lion_Lion19    (0)    1 :  0.667 0.009 0.299 0.025 
 19 Lion_Lion20    (0)    1 :  0.613 0.009 0.359 0.019 
 20 Lion_Lion21    (0)    1 :  0.644 0.006 0.340 0.009 
 21 Lion_Lion22    (0)    1 :  0.756 0.005 0.231 0.008 
 22 Lion_Lion23    (0)    1 :  0.699 0.006 0.286 0.009 
 23 Lion_Lion24    (0)    1 :  0.659 0.007 0.311 0.023 
 24 Lion_Lion25    (0)    1 :  0.695 0.008 0.283 0.014 
 25 Lion_Lion26    (0)    1 :  0.703 0.008 0.279 0.011 
 26 Lion_Lion27    (0)    1 :  0.695 0.006 0.285 0.013 
 27 Lion_Lion28    (0)    1 :  0.723 0.007 0.260 0.010 
 28 Lion_Lion29    (0)    1 :  0.713 0.005 0.274 0.008 
 29 Lion_Lion30    (0)    1 :  0.635 0.011 0.339 0.016 
 30 Lion_Lion31    (0)    1 :  0.734 0.005 0.249 0.011 
 31 Lion_Lion32    (0)    1 :  0.773 0.004 0.216 0.007 
 32 Lion_Lion33    (0)    1 :  0.668 0.006 0.316 0.009 
 33 Lion_Lion34    (0)    1 :  0.736 0.008 0.247 0.009 
 34 Lion_Lion36    (0)    1 :  0.662 0.006 0.320 0.013 
 35 Lion_Lion38    (0)    1 :  0.699 0.004 0.286 0.011 
 36 Lion_Lion39    (0)    1 :  0.682 0.005 0.304 0.009 
 37 Lion_Lion40    (0)    1 :  0.732 0.006 0.246 0.015 
 38 Lion_Lion41    (0)    1 :  0.616 0.007 0.354 0.023 
 39 Lion_Lion42    (0)    1 :  0.654 0.005 0.328 0.013 
 40 Lion_Lion43    (0)    1 :  0.661 0.007 0.321 0.011 
 41 Lion_Lion44    (0)    1 :  0.673 0.006 0.301 0.020 
 42 Lion_Lion45    (0)    1 :  0.739 0.011 0.237 0.013 
 43 Lion_Lion46    (0)    1 :  0.730 0.013 0.241 0.016 
 44 Lion_Lion47    (0)    1 :  0.692 0.009 0.282 0.017 
 45 Lion_Lion48    (0)    1 :  0.647 0.006 0.335 0.013 
 46 Lion_Lion49    (0)    1 :  0.669 0.006 0.311 0.014 
 47 Lion_Lion50    (0)    1 :  0.622 0.007 0.357 0.015 
 48 Lion_Lion51    (0)    1 :  0.725 0.005 0.260 0.010 
 49 Lion_Lion52    (0)    1 :  0.682 0.009 0.293 0.016 
 50 Lolo_Lolo1    (0)    1 :  0.764 0.007 0.215 0.014 
 51 Lolo_Lolo2    (0)    1 :  0.745 0.009 0.233 0.013 
 52 Lolo_Lolo3    (0)    1 :  0.714 0.006 0.267 0.013 
 53 Lolo_Lolo4    (0)    1 :  0.700 0.008 0.282 0.011 
 54 Lolo_Lolo5    (0)    1 :  0.707 0.007 0.270 0.016 
 55 Lolo_Lolo6    (0)    1 :  0.639 0.018 0.331 0.012 
 56 Lolo_Lolo7    (0)    1 :  0.717 0.006 0.267 0.010 
 57 Lolo_Lolo8    (0)    1 :  0.727 0.011 0.249 0.012 
 58 Lolo_Lolo9    (0)    1 :  0.730 0.008 0.248 0.014 
 59 Manu_Manu1    (0)    1 :  0.723 0.006 0.258 0.013 
 60 Manu_Manu2    (0)    1 :  0.664 0.009 0.309 0.018 
 61 Manu_Manu3    (0)    1 :  0.672 0.006 0.311 0.011 
 62 Manu_Manu4    (0)    1 :  0.685 0.009 0.285 0.022 
 63 Manu_Manu5    (0)    1 :  0.620 0.021 0.347 0.011 
 64 Manu_Manu6    (0)    1 :  0.617 0.006 0.366 0.011 
 65 Manu_Manu7    (0)    1 :  0.674 0.006 0.309 0.010 
 66 Manu_Manu8    (0)    1 :  0.679 0.005 0.304 0.012 
 67 Manu_Manu9    (0)    1 :  0.655 0.012 0.308 0.024 
 68 Manu_Manu10    (0)    1 :  0.621 0.009 0.360 0.010 
 69 Manu_Manu11    (0)    1 :  0.676 0.007 0.306 0.011 
 70 Manu_Manu13    (0)    1 :  0.715 0.008 0.247 0.030 
 71 Manu_Manu14    (0)    1 :  0.657 0.005 0.329 0.008 
 72 Manu_Manu15    (0)    1 :  0.742 0.005 0.244 0.009 
 73   Go_Go1    (0)    2 :  0.005 0.018 0.849 0.127 
 74   Go_Go2    (0)    2 :  0.005 0.020 0.844 0.131 
 75   Go_Go3    (0)    2 :  0.005 0.016 0.856 0.123 
 76   Go_Go4    (0)    2 :  0.005 0.015 0.866 0.115 
 77   Go_Go5    (0)    2 :  0.005 0.018 0.855 0.122 
 78   Go_Go6    (0)    2 :  0.005 0.014 0.870 0.111 
 79   Go_Go7    (0)    2 :  0.005 0.016 0.850 0.130 
 80   Go_Go8    (0)    2 :  0.006 0.014 0.858 0.122 
 81   Go_Go9    (0)    2 :  0.006 0.025 0.864 0.105 
 82  Go_Go10    (0)    2 :  0.004 0.016 0.862 0.117 
 83  Go_Go11    (0)    2 :  0.004 0.015 0.860 0.121 
 84  Go_Go12    (0)    2 :  0.006 0.019 0.854 0.122 
 85  Go_Go13    (0)    2 :  0.004 0.017 0.874 0.105 
 86  Go_Go14    (0)    2 :  0.005 0.021 0.854 0.121 
 87  Go_Go15    (0)    2 :  0.004 0.016 0.857 0.123 
 88  Go_Go16    (0)    2 :  0.005 0.016 0.863 0.116 
 89  Go_Go17    (0)    2 :  0.005 0.017 0.858 0.121 
 90  Go_Go18    (0)    2 :  0.005 0.018 0.847 0.129 
 91  Go_Go19    (0)    2 :  0.004 0.024 0.835 0.137 
 92  Go_Go20    (0)    2 :  0.005 0.014 0.858 0.123 
 93  Go_Go21    (0)    2 :  0.004 0.016 0.865 0.115 
 94  Go_Go22    (0)    2 :  0.005 0.016 0.865 0.114 
 95  Go_Go23    (0)    2 :  0.004 0.019 0.838 0.139 
 96  Go_Go24    (0)    2 :  0.004 0.018 0.863 0.115 
 97  Go_Go25    (0)    2 :  0.005 0.017 0.841 0.138 
 98  Go_Go27    (0)    2 :  0.004 0.030 0.842 0.124 
 99  Go_Go28    (0)    2 :  0.005 0.028 0.846 0.122 
100  Go_Go29    (0)    2 :  0.004 0.026 0.808 0.161 
101  Go_Go30    (0)    2 :  0.005 0.015 0.885 0.095 
102  Go_Go31    (0)    2 :  0.004 0.016 0.841 0.139 
103  Go_Go32    (0)    2 :  0.004 0.022 0.843 0.130 
104  Go_Go33    (0)    2 :  0.004 0.016 0.878 0.102 
105  Go_Go34    (0)    2 :  0.004 0.017 0.849 0.130 
106  Go_Go35    (0)    2 :  0.005 0.018 0.847 0.130 
107  Go_Go36    (0)    2 :  0.004 0.014 0.851 0.131 
108  Go_Go37    (0)    2 :  0.005 0.016 0.861 0.118 
109  Go_Go38    (0)    2 :  0.005 0.013 0.879 0.103 
110  Go_Go39    (0)    2 :  0.005 0.019 0.826 0.151 
111  Go_Go40    (0)    2 :  0.005 0.016 0.851 0.128 
112  Go_Go41    (0)    2 :  0.004 0.015 0.854 0.127 
113  Go_Go42    (0)    2 :  0.004 0.024 0.804 0.168 
114  Go_Go43    (0)    2 :  0.004 0.020 0.825 0.151 
115  Go_Go44    (0)    2 :  0.005 0.021 0.858 0.116 
116  Go_Go45    (0)    2 :  0.004 0.015 0.866 0.115 
117  Go_Go46    (0)    2 :  0.005 0.017 0.854 0.123 
118  Go_Go47    (0)    2 :  0.005 0.021 0.856 0.118 
119  Go_Go48    (0)    2 :  0.004 0.014 0.872 0.109 
120  Go_Go49    (0)    2 :  0.005 0.019 0.863 0.113 
121  Go_Go50    (0)    2 :  0.005 0.016 0.863 0.116 
122  Go_Go51    (0)    2 :  0.005 0.016 0.891 0.088 
123  Go_Go52    (0)    2 :  0.004 0.016 0.871 0.110 
124  Go_Go53    (0)    2 :  0.005 0.016 0.868 0.111 
125  Go_Go54    (0)    2 :  0.004 0.018 0.873 0.105 
126  Go_Go55    (0)    2 :  0.004 0.014 0.883 0.099 
127  Go_Go56    (0)    2 :  0.004 0.019 0.860 0.117 
128 Hie_Hie2    (0)    2 :  0.004 0.017 0.876 0.102 
129 Hie_Hie3    (0)    2 :  0.005 0.022 0.849 0.124 
130 Hie_Hie4    (0)    2 :  0.004 0.017 0.840 0.138 
131 Hie_Hie5    (0)    2 :  0.004 0.015 0.865 0.115 
132 Hie_Hie6    (0)    2 :  0.005 0.019 0.853 0.122 
133 Hie_Hie7    (0)    2 :  0.004 0.022 0.847 0.126 
134 Hie_Hie8    (0)    2 :  0.005 0.018 0.851 0.127 
135 Hie_Hie9    (0)    2 :  0.006 0.018 0.856 0.120 
136 Hie_Hie11    (0)    2 :  0.005 0.020 0.820 0.155 
137 Hie_Hie12    (0)    2 :  0.004 0.016 0.871 0.109 
138 Hie_Hie13    (0)    2 :  0.005 0.015 0.859 0.121 
139 Hie_Hie14    (0)    2 :  0.005 0.014 0.878 0.103 
140 Hie_Hie15    (0)    2 :  0.004 0.021 0.854 0.121 
141 Hie_Hie16    (0)    2 :  0.005 0.014 0.881 0.100 
142 Hie_Hie17    (0)    2 :  0.004 0.027 0.802 0.167 
143 Hie_Hie18    (0)    2 :  0.005 0.015 0.867 0.113 
144 Hie_Hie19    (0)    2 :  0.004 0.018 0.840 0.138 
145 Hie_Hie20    (0)    2 :  0.004 0.022 0.854 0.119 
146 Hie_Hie21    (0)    2 :  0.005 0.016 0.847 0.132 
147 Hie_Hie22    (0)    2 :  0.004 0.017 0.861 0.118 
148 Hie_Hie23    (0)    2 :  0.005 0.014 0.877 0.104 
149 Hie_Hie24    (0)    2 :  0.005 0.016 0.867 0.113 
150 Hie_Hie25    (0)    2 :  0.004 0.017 0.849 0.130 
151 Hie_Hie26    (0)    2 :  0.005 0.014 0.879 0.102 
152 Hie_Hie27    (0)    2 :  0.005 0.016 0.853 0.126 
153 Hie_Hie28    (0)    2 :  0.004 0.024 0.855 0.117 
154 Hie_Hie29    (0)    2 :  0.004 0.028 0.847 0.120 
155 Hie_Hie30    (0)    2 :  0.005 0.017 0.870 0.109 
156 Hie_Hie31    (0)    2 :  0.004 0.018 0.866 0.111 
157 Hie_Hie32    (0)    2 :  0.004 0.017 0.875 0.104 
158 Hie_Hie33    (0)    2 :  0.005 0.018 0.855 0.122 
159 Hie_Hie34    (0)    2 :  0.005 0.018 0.852 0.125 
160 Hie_Hie35    (0)    2 :  0.004 0.015 0.860 0.121 
161 Hie_Hie36    (0)    2 :  0.005 0.016 0.861 0.118 
162 Hie_Hie37    (0)    2 :  0.005 0.019 0.857 0.119 
163 Hie_Hie38    (0)    2 :  0.004 0.021 0.869 0.106 
164 Hie_Hie39    (0)    2 :  0.006 0.016 0.850 0.128 
165 Hie_Hie40    (0)    2 :  0.005 0.016 0.865 0.114 
166 Hie_Hie41    (0)    2 :  0.008 0.017 0.867 0.108 
167 Hie_Hie42    (0)    2 :  0.006 0.031 0.791 0.172 
168 Hie_Hie43    (0)    2 :  0.005 0.032 0.837 0.126 
169 Hie_Hie44    (0)    2 :  0.004 0.012 0.870 0.113 
170 Hie_Hie45    (0)    2 :  0.005 0.019 0.822 0.154 
171 Hie_Hie46    (0)    2 :  0.004 0.018 0.861 0.117 
172 Hie_Hie47    (0)    2 :  0.005 0.014 0.875 0.107 
173 Hie_Hie48    (0)    2 :  0.005 0.016 0.855 0.124 
174 Hie_Hie49    (0)    2 :  0.004 0.014 0.876 0.107 
175 Lar_Lar1    (0)    2 :  0.005 0.014 0.877 0.104 
176 Lar_Lar2    (0)    2 :  0.005 0.018 0.873 0.104 
177 Lar_Lar3    (0)    2 :  0.004 0.026 0.841 0.129 
178 Lar_Lar4    (0)    2 :  0.004 0.019 0.853 0.124 
179 Lar_Lar5    (0)    2 :  0.005 0.017 0.863 0.116 
180 Lar_Lar6    (0)    2 :  0.004 0.016 0.875 0.105 
181 Lar_Lar7    (0)    2 :  0.004 0.021 0.825 0.149 
182 Lar_Lar8    (0)    2 :  0.005 0.017 0.845 0.133 
183 Lar_Lar10    (0)    2 :  0.005 0.020 0.852 0.124 
184 Lar_Lar11    (0)    2 :  0.004 0.022 0.861 0.113 
185 Lar_Lar12    (0)    2 :  0.004 0.020 0.837 0.138 
186 Lar_Lar14    (0)    2 :  0.005 0.015 0.862 0.119 
187 Lar_Lar15    (0)    2 :  0.005 0.018 0.865 0.113 
188 Lar_Lar16    (0)    2 :  0.005 0.017 0.866 0.112 
189 Lar_Lar17    (0)    2 :  0.004 0.016 0.827 0.153 
190 Lar_Lar18    (0)    2 :  0.004 0.017 0.856 0.123 
191 Lar_Lar19    (0)    2 :  0.004 0.017 0.865 0.113 
192 Lar_Lar20    (0)    2 :  0.004 0.028 0.832 0.135 
193 Lar_Lar21    (0)    2 :  0.005 0.013 0.885 0.097 
194 Lar_Lar22    (0)    2 :  0.004 0.016 0.858 0.122 
195 Lar_Lar23    (0)    2 :  0.005 0.015 0.874 0.105 
196 Lar_Lar24    (0)    2 :  0.005 0.017 0.854 0.124 
197 Lar_Lar25    (0)    2 :  0.005 0.023 0.854 0.118 
198 Lar_Lar26    (0)    2 :  0.005 0.020 0.855 0.120 
199 Lar_Lar27    (0)    2 :  0.007 0.017 0.850 0.127 
200 Lar_Lar28    (0)    2 :  0.004 0.021 0.870 0.105 
201 Lar_Lar29    (0)    2 :  0.004 0.016 0.875 0.105 
202 Lar_Lar30    (0)    2 :  0.006 0.018 0.848 0.129 
203 Lar_Lar31    (0)    2 :  0.004 0.018 0.864 0.114 
204 Lar_Lar32    (0)    2 :  0.005 0.017 0.839 0.140 
205 Lar_Lar33    (0)    2 :  0.004 0.023 0.851 0.122 
206 Lar_Lar34    (0)    2 :  0.005 0.015 0.840 0.140 
207 Lar_Lar35    (0)    2 :  0.004 0.014 0.872 0.110 
208 Lar_Lar36    (0)    2 :  0.005 0.037 0.836 0.122 
209 Lar_Lar37    (0)    2 :  0.005 0.016 0.865 0.115 
210 Lar_Lar38    (0)    2 :  0.005 0.015 0.872 0.109 
211 Lar_Lar39    (0)    2 :  0.005 0.021 0.847 0.127 
212 Lar_Lar40    (0)    2 :  0.005 0.016 0.857 0.123 
213 Lar_Lar41    (0)    2 :  0.004 0.014 0.885 0.097 
214 Lar_Lar42    (0)    2 :  0.005 0.019 0.869 0.107 
215 Lar_Lar43    (0)    2 :  0.004 0.030 0.812 0.154 
216 Lar_Lar44    (0)    2 :  0.005 0.022 0.846 0.126 
217 Lar_Lar45    (0)    2 :  0.004 0.016 0.860 0.119 
218 Lar_Lar46    (0)    2 :  0.004 0.014 0.884 0.098 
219 Lar_Lar47    (0)    2 :  0.005 0.017 0.867 0.111 
220 Lar_Lar48    (0)    2 :  0.005 0.015 0.851 0.129 
221 Lar_Lar49    (0)    2 :  0.005 0.025 0.846 0.125 
222 Lar_Lar50    (0)    2 :  0.005 0.014 0.879 0.102 
223 Lar_Lar51    (0)    2 :  0.004 0.017 0.852 0.128 
224 Lar_Lar52    (0)    2 :  0.005 0.016 0.870 0.109 
225 Lar_Lar53    (0)    2 :  0.005 0.013 0.891 0.091 
226 Mara_Mara1    (0)    2 :  0.005 0.017 0.872 0.106 
227 Mara_Mara2    (0)    2 :  0.004 0.015 0.871 0.109 
228 Mara_Mara3    (0)    2 :  0.004 0.014 0.862 0.120 
229 Mara_Mara4    (0)    2 :  0.005 0.021 0.863 0.111 
230 Mara_Mara5    (0)    2 :  0.005 0.014 0.875 0.105 
231 Mara_Mara6    (0)    2 :  0.005 0.018 0.869 0.108 
232 Mara_Mara7    (0)    2 :  0.006 0.018 0.864 0.112 
233 Mara_Mara8    (0)    2 :  0.004 0.016 0.852 0.128 
234 Mara_Mara9    (0)    2 :  0.005 0.013 0.875 0.106 
235 Mara_Mara1_    (0)    2 :  0.004 0.027 0.833 0.135 
236 Mara_Mara1_    (0)    2 :  0.004 0.023 0.850 0.123 
237 Mara_Mara1_    (0)    2 :  0.004 0.018 0.858 0.119 
238 Mara_Mara1_    (0)    2 :  0.004 0.019 0.874 0.103 
239 Mara_Mara1_    (0)    2 :  0.005 0.036 0.845 0.114 
240 Mara_Mara1_    (0)    2 :  0.005 0.018 0.851 0.126 
241 Mara_Mara1_    (0)    2 :  0.004 0.018 0.844 0.133 
242 Mara_Mara1_    (0)    2 :  0.005 0.016 0.854 0.125 
243 Mara_Mara1_    (0)    2 :  0.005 0.019 0.862 0.114 
244 Mara_Mara1_    (0)    2 :  0.005 0.017 0.858 0.121 
245 Mara_Mara2_    (0)    2 :  0.004 0.017 0.851 0.127 
246 Mara_Mara2_    (0)    2 :  0.005 0.026 0.841 0.128 
247 Mara_Mara2_    (0)    2 :  0.005 0.014 0.877 0.105 
248 Mara_Mara2_    (0)    2 :  0.004 0.016 0.871 0.108 
249 Mara_Mara2_    (0)    2 :  0.004 0.017 0.870 0.108 
250 Mara_Mara2_    (0)    2 :  0.004 0.016 0.844 0.135 
251 Mara_Mara2_    (0)    2 :  0.004 0.014 0.874 0.107 
252 Mara_Mara2_    (0)    2 :  0.005 0.016 0.858 0.121 
253 Mara_Mara2_    (0)    2 :  0.006 0.028 0.856 0.110 
254 Mara_Mara2_    (0)    2 :  0.005 0.026 0.834 0.135 
255 Mara_Mara3_    (0)    2 :  0.006 0.038 0.832 0.124 
256 Mara_Mara3_    (0)    2 :  0.006 0.022 0.828 0.144 
257 Mara_Mara3_    (0)    2 :  0.005 0.016 0.867 0.113 
258 Mara_Mara3_    (0)    2 :  0.004 0.018 0.859 0.119 
259 Mara_Mara3_    (0)    2 :  0.004 0.024 0.855 0.118 
260 Mara_Mara3_    (0)    2 :  0.004 0.021 0.855 0.120 
261 Mara_Mara3_    (0)    2 :  0.005 0.021 0.855 0.119 
262 Mara_Mara3_    (0)    2 :  0.004 0.015 0.855 0.125 
263 Mara_Mara3_    (0)    2 :  0.005 0.014 0.874 0.108 
264 Mara_Mara3_    (0)    2 :  0.004 0.017 0.851 0.128 
265 Mara_Mara4_    (0)    2 :  0.004 0.020 0.818 0.158 
266 Mara_Mara4_    (0)    2 :  0.006 0.015 0.872 0.107 
267 Mara_Mara4_    (0)    2 :  0.004 0.016 0.857 0.123 
268 Mara_Mara4_    (0)    2 :  0.004 0.017 0.872 0.107 
269 Mara_Mara4_    (0)    2 :  0.005 0.014 0.868 0.113 
270 Mara_Mara4_    (0)    2 :  0.004 0.014 0.868 0.114 
271 Mara_Mara4_    (0)    2 :  0.005 0.016 0.844 0.135 
272 Mara_Mara4_    (0)    2 :  0.005 0.015 0.857 0.123 
273 Mara_Mara4_    (0)    2 :  0.005 0.023 0.877 0.095 
274 Mara_Mara4_    (0)    2 :  0.004 0.015 0.868 0.112 
275 Mara_Mara5_    (0)    2 :  0.005 0.017 0.866 0.112 
276 Mara_Mara5_    (0)    2 :  0.005 0.018 0.872 0.105 
277 Mara_Mara5_    (0)    2 :  0.005 0.026 0.830 0.139 
278 MBO_MBO1    (0)    2 :  0.006 0.015 0.828 0.151 
279 MBO_MBO2    (0)    2 :  0.004 0.022 0.833 0.141 
280 MBO_MBO3    (0)    2 :  0.004 0.013 0.872 0.111 
281 MBO_MBO4    (0)    2 :  0.006 0.018 0.847 0.129 
282 MBO_MBO6    (0)    2 :  0.004 0.016 0.849 0.131 
283 MBO_MBO7    (0)    2 :  0.004 0.017 0.883 0.096 
284 MBO_MBO8    (0)    2 :  0.004 0.018 0.829 0.149 
285 MBO_MBO9    (0)    2 :  0.005 0.020 0.822 0.153 
286 MBO_MBO10    (0)    2 :  0.005 0.016 0.857 0.122 
287 MBO_MBO11    (0)    2 :  0.005 0.017 0.872 0.106 
288 MBO_MBO12    (0)    2 :  0.005 0.015 0.881 0.099 
289 MBO_MBO13    (0)    2 :  0.004 0.014 0.871 0.111 
290 MBO_MBO14    (0)    2 :  0.004 0.017 0.870 0.109 
291 MBO_MBO15    (0)    2 :  0.005 0.018 0.846 0.131 
292 MBO_MBO16    (0)    2 :  0.004 0.014 0.865 0.117 
293 MBO_MBO17    (0)    2 :  0.005 0.017 0.862 0.117 
294 MBO_MBO18    (0)    2 :  0.005 0.019 0.833 0.142 
295 MBO_MBO19    (0)    2 :  0.005 0.016 0.852 0.127 
296 MBO_MBO20    (0)    2 :  0.004 0.025 0.859 0.112 
297 MBO_MBO21    (0)    2 :  0.005 0.016 0.870 0.109 
298 MBO_MBO22    (0)    2 :  0.005 0.017 0.869 0.109 
299 MBO_MBO23    (0)    2 :  0.005 0.020 0.862 0.113 
300 MBO_MBO24    (0)    2 :  0.004 0.017 0.875 0.104 
301 MBO_MBO25    (0)    2 :  0.004 0.015 0.872 0.109 
302 MBO_MBO26    (0)    2 :  0.004 0.016 0.866 0.114 
303 MBO_MBO27    (0)    2 :  0.005 0.018 0.856 0.121 
304 MBO_MBO28    (0)    2 :  0.005 0.022 0.859 0.115 
305 MBO_MBO29    (0)    2 :  0.005 0.022 0.855 0.118 
306 MBO_MBO30    (0)    2 :  0.008 0.016 0.864 0.112 
307 MBO_MBO31    (0)    2 :  0.006 0.017 0.842 0.135 
308 MBO_MBO32    (0)    2 :  0.005 0.016 0.872 0.107 
309 MBO_MBO33    (0)    2 :  0.005 0.018 0.848 0.129 
310 MBO_MBO34    (0)    2 :  0.005 0.018 0.866 0.112 
311 MBO_MBO35    (0)    2 :  0.005 0.013 0.874 0.108 
312 MBO_MBO36    (0)    2 :  0.006 0.021 0.865 0.108 
313 MBO_MBO37    (0)    2 :  0.005 0.018 0.848 0.129 
314 MBO_MBO38    (0)    2 :  0.005 0.016 0.846 0.134 
315 MBO_MBO39    (0)    2 :  0.005 0.013 0.878 0.104 
316 MBO_MBO40    (0)    2 :  0.005 0.017 0.860 0.118 
317 MBO_MBO41    (0)    2 :  0.004 0.014 0.836 0.146 
318 MBO_MBO42    (0)    2 :  0.005 0.016 0.857 0.122 
319 MBO_MBO43    (0)    2 :  0.006 0.013 0.881 0.101 
320 MBO_MBO44    (0)    2 :  0.005 0.016 0.858 0.121 
321 MBO_MBO45    (0)    2 :  0.005 0.017 0.842 0.136 
322 MBO_MBO46    (0)    2 :  0.004 0.016 0.858 0.121 
323 MBO_MBO47    (0)    2 :  0.005 0.016 0.858 0.121 
324 MBO_MBO48    (0)    2 :  0.005 0.015 0.867 0.113 
325 MBO_MBO49    (0)    2 :  0.005 0.017 0.857 0.122 
326 MBO_MBO50    (0)    2 :  0.004 0.015 0.874 0.107 
327 MBO_MBO51    (0)    2 :  0.005 0.016 0.880 0.099 
328 QBW_QBW1    (0)    2 :  0.004 0.015 0.859 0.121 
329 QBW_QBW2    (0)    2 :  0.005 0.014 0.876 0.106 
330 QBW_QBW3    (0)    2 :  0.005 0.016 0.860 0.119 
331 QBW_QBW4    (0)    2 :  0.004 0.024 0.816 0.157 
332 QBW_QBW5    (0)    2 :  0.005 0.020 0.870 0.106 
333 QBW_QBW6    (0)    2 :  0.005 0.017 0.872 0.106 
334 QBW_QBW7    (0)    2 :  0.005 0.016 0.844 0.135 
335 QBW_QBW8    (0)    2 :  0.005 0.019 0.851 0.125 
336 QBW_QBW9    (0)    2 :  0.004 0.030 0.851 0.115 
337 QBW_QBW10    (0)    2 :  0.005 0.019 0.857 0.119 
338 QBW_QBW11    (0)    2 :  0.005 0.015 0.860 0.121 
339 QBW_QBW12    (0)    2 :  0.005 0.017 0.840 0.138 
340 QBW_QBW13    (0)    2 :  0.005 0.017 0.861 0.118 
341 QBW_QBW14    (0)    2 :  0.005 0.015 0.871 0.108 
342 QBW_QBW15    (0)    2 :  0.005 0.020 0.849 0.127 
343 QBW_QBW16    (0)    2 :  0.004 0.019 0.847 0.130 
344 QBW_QBW17    (0)    2 :  0.005 0.019 0.844 0.133 
345 QBW_QBW18    (0)    2 :  0.005 0.014 0.859 0.122 
346 QBW_QBW19    (0)    2 :  0.005 0.014 0.882 0.099 
347 QBW_QBW20    (0)    2 :  0.006 0.014 0.867 0.113 
348 QBW_QBW21    (0)    2 :  0.005 0.015 0.854 0.126 
349 QBW_QBW22    (0)    2 :  0.005 0.017 0.858 0.119 
350 QBW_QBW23    (0)    2 :  0.005 0.014 0.871 0.111 
351 QBW_QBW24    (0)    2 :  0.004 0.016 0.879 0.101 
352 QBW_QBW25    (0)    2 :  0.005 0.021 0.859 0.115 
353 QBW_QBW26    (0)    2 :  0.004 0.018 0.856 0.122 
354 QBW_QBW27    (0)    2 :  0.004 0.015 0.872 0.109 
355 QBW_QBW28    (0)    2 :  0.005 0.015 0.860 0.120 
356 QBW_QBW29    (0)    2 :  0.004 0.015 0.855 0.126 
357 QBW_QBW30    (0)    2 :  0.005 0.016 0.865 0.114 
358 QBW_QBW31    (0)    2 :  0.004 0.016 0.851 0.129 
359 QBW_QBW32    (0)    2 :  0.004 0.018 0.847 0.130 
360 QBW_QBW33    (0)    2 :  0.005 0.019 0.844 0.133 
361 QBW_QBW34    (0)    2 :  0.005 0.014 0.858 0.123 
362 QBW_QBW35    (0)    2 :  0.005 0.014 0.882 0.099 
363 QBW_QBW36    (0)    2 :  0.006 0.014 0.867 0.113 
364 QBW_QBW37    (0)    2 :  0.005 0.019 0.871 0.105 
365 QBW_QBW38    (0)    2 :  0.005 0.020 0.860 0.115 
366 QBW_QBW39    (0)    2 :  0.005 0.016 0.858 0.120 
367 QBW_QBW40    (0)    2 :  0.005 0.017 0.867 0.111 
368 QBW_QBW41    (0)    2 :  0.005 0.024 0.860 0.111 
369 QBW_QBW42    (0)    2 :  0.004 0.014 0.854 0.128 
370 QBW_QBW43    (0)    2 :  0.005 0.032 0.862 0.100 
371 QBW_QBW44    (0)    2 :  0.004 0.021 0.865 0.110 
372 QBW_QBW45    (0)    2 :  0.005 0.024 0.858 0.113 
373 QBW_QBW46    (0)    2 :  0.005 0.013 0.868 0.113 
374 QBW_QBW47    (0)    2 :  0.004 0.018 0.856 0.121 
375 QBW_QBW48    (0)    2 :  0.005 0.014 0.871 0.110 
376 QBW_QBW49    (0)    2 :  0.004 0.025 0.851 0.119 
377 QBW_QBW50    (0)    2 :  0.004 0.017 0.846 0.133 
378 QBW_QBW51    (0)    2 :  0.004 0.019 0.805 0.171 
379 QBW_QBW52    (0)    2 :  0.005 0.013 0.874 0.108 
380 QBW_QBW53    (0)    2 :  0.005 0.015 0.839 0.141 
381 QBW_QBW54    (0)    2 :  0.005 0.017 0.861 0.118 
382 Ten_Ten1    (0)    2 :  0.005 0.019 0.876 0.100 
383 Ten_Ten2    (0)    2 :  0.004 0.015 0.875 0.106 
384 Ten_Ten3    (0)    2 :  0.005 0.020 0.865 0.111 
385 Ten_Ten4    (0)    2 :  0.004 0.015 0.851 0.130 
386 Ten_Ten5    (0)    2 :  0.005 0.014 0.876 0.106 
387 Ten_Ten6    (0)    2 :  0.004 0.014 0.881 0.100 
388 Ten_Ten7    (0)    2 :  0.005 0.029 0.812 0.154 
389 Ten_Ten8    (0)    2 :  0.008 0.015 0.857 0.119 
390 Ten_Ten9    (0)    2 :  0.005 0.018 0.854 0.123 
391 Ten_Ten10    (0)    2 :  0.005 0.018 0.846 0.131 
392 Ten_Ten11    (0)    2 :  0.006 0.023 0.862 0.108 
393 Ten_Ten12    (0)    2 :  0.004 0.019 0.858 0.119 
394 Ten_Ten13    (0)    2 :  0.005 0.024 0.854 0.117 
395 Ten_Ten14    (0)    2 :  0.004 0.016 0.850 0.130 
396 Ten_Ten15    (0)    2 :  0.005 0.017 0.843 0.136 
397 Ten_Ten16    (0)    2 :  0.005 0.016 0.877 0.102 
398 Ten_Ten17    (0)    2 :  0.005 0.014 0.842 0.139 
399 Ten_Ten18    (0)    2 :  0.005 0.023 0.857 0.116 
400 Ten_Ten19    (0)    2 :  0.004 0.017 0.852 0.127 
401 Ten_Ten20    (0)    2 :  0.004 0.017 0.860 0.119 
402 Ten_Ten21    (0)    2 :  0.005 0.015 0.845 0.135 
403 Ten_Ten22    (0)    2 :  0.005 0.014 0.871 0.111 
404 Ten_Ten23    (0)    2 :  0.004 0.017 0.837 0.142 
405 Ten_Ten24    (0)    2 :  0.004 0.018 0.855 0.124 
406 Ten_Ten25    (0)    2 :  0.005 0.022 0.862 0.112 
407 Ten_Ten26    (0)    2 :  0.004 0.016 0.842 0.138 
408 Ten_Ten27    (0)    2 :  0.005 0.015 0.852 0.128 
409 Ten_Ten28    (0)    2 :  0.005 0.020 0.843 0.133 
410 Ten_Ten29    (0)    2 :  0.005 0.014 0.878 0.104 
411 Ten_Ten30    (0)    2 :  0.005 0.014 0.877 0.104 
412 Ten_Ten31    (0)    2 :  0.004 0.018 0.842 0.135 
413 Ten_Ten32    (0)    2 :  0.005 0.015 0.863 0.117 
414 Ten_Ten33    (0)    2 :  0.005 0.019 0.840 0.136 
415 Ten_Ten34    (0)    2 :  0.004 0.014 0.880 0.102 
416 Ten_Ten35    (0)    2 :  0.005 0.013 0.867 0.115 
417 Ten_Ten36    (0)    2 :  0.004 0.023 0.845 0.128 
418 Ten_Ten37    (0)    2 :  0.005 0.013 0.886 0.096 
419 Ten_Ten38    (0)    2 :  0.004 0.017 0.874 0.104 
420 Ten_Ten39    (0)    2 :  0.004 0.024 0.862 0.109 
421 Ten_Ten40    (0)    2 :  0.005 0.014 0.866 0.115 
422 Ten_Ten41    (0)    2 :  0.004 0.014 0.868 0.114 
423 Ten_Ten42    (0)    2 :  0.005 0.033 0.836 0.126 
424 Ten_Ten43    (0)    2 :  0.005 0.015 0.877 0.103 
425 Ten_Ten44    (0)    2 :  0.005 0.025 0.864 0.107 
426 Ten_Ten45    (0)    2 :  0.005 0.014 0.878 0.104 
427 Ten_Ten46    (0)    2 :  0.005 0.015 0.849 0.131 
428 Ten_Ten47    (0)    2 :  0.004 0.013 0.847 0.135 
429 Ten_Ten48    (0)    2 :  0.004 0.021 0.864 0.111 
430 Ten_Ten49    (0)    2 :  0.004 0.015 0.882 0.098 
431 Ten_Ten50    (0)    2 :  0.005 0.015 0.852 0.128 
432 Ten_Ten51    (0)    2 :  0.005 0.013 0.881 0.101 
433 Ten_Ten52    (0)    2 :  0.004 0.022 0.832 0.142 
434 Tote_Tote1    (0)    2 :  0.004 0.016 0.872 0.108 
435 Tote_Tote2    (0)    2 :  0.004 0.019 0.824 0.152 
436 Tote_Tote3    (0)    2 :  0.006 0.016 0.858 0.120 
437 Tote_Tote4    (0)    2 :  0.005 0.020 0.869 0.106 
438 Tote_Tote5    (0)    2 :  0.004 0.020 0.862 0.114 
439 Tote_Tote6    (0)    2 :  0.005 0.017 0.850 0.128 
440 Tote_Tote7    (0)    2 :  0.004 0.023 0.839 0.133 
441 Tote_Tote8    (0)    2 :  0.007 0.015 0.881 0.096 
442 Tote_Tote1_    (0)    2 :  0.005 0.016 0.849 0.131 
443 Tote_Tote1_    (0)    2 :  0.004 0.014 0.877 0.105 
444 Tote_Tote1_    (0)    2 :  0.005 0.016 0.844 0.135 
445 Tote_Tote1_    (0)    2 :  0.005 0.021 0.846 0.128 
446 Tote_Tote1_    (0)    2 :  0.004 0.020 0.844 0.132 
447 Tote_Tote1_    (0)    2 :  0.005 0.023 0.846 0.126 
448 Tote_Tote1_    (0)    2 :  0.004 0.027 0.820 0.148 
449 Tote_Tote1_    (0)    2 :  0.005 0.018 0.810 0.167 
450 Tote_Tote1_    (0)    2 :  0.004 0.022 0.868 0.106 
451 Tote_Tote2_    (0)    2 :  0.005 0.018 0.854 0.124 
452 Tote_Tote2_    (0)    2 :  0.004 0.017 0.863 0.116 
453 Tote_Tote2_    (0)    2 :  0.005 0.015 0.846 0.134 
454 Tote_Tote2_    (0)    2 :  0.005 0.015 0.866 0.113 
455 Tote_Tote2_    (0)    2 :  0.006 0.022 0.853 0.119 
456 Tote_Tote2_    (0)    2 :  0.005 0.013 0.876 0.106 
457 Tote_Tote2_    (0)    2 :  0.004 0.015 0.870 0.111 
458 Tote_Tote2_    (0)    2 :  0.004 0.014 0.870 0.112 
459 Tote_Tote2_    (0)    2 :  0.004 0.014 0.863 0.118 
460 Tote_Tote2_    (0)    2 :  0.004 0.015 0.873 0.107 
461 Tote_Tote3_    (0)    2 :  0.004 0.023 0.817 0.156 
462 Tote_Tote3_    (0)    2 :  0.004 0.016 0.882 0.098 
463 Tote_Tote3_    (0)    2 :  0.005 0.017 0.860 0.118 
464 Tote_Tote3_    (0)    2 :  0.005 0.018 0.860 0.117 
465 Tote_Tote3_    (0)    2 :  0.005 0.015 0.854 0.126 
466 Tote_Tote3_    (0)    2 :  0.006 0.026 0.850 0.118 
467 Tote_Tote3_    (0)    2 :  0.005 0.027 0.850 0.118 
468 Tote_Tote3_    (0)    2 :  0.005 0.015 0.857 0.123 
469 Tote_Tote3_    (0)    2 :  0.005 0.016 0.852 0.127 
470 Tote_Tote3_    (0)    2 :  0.005 0.025 0.818 0.152 
471 Tote_Tote4_    (0)    2 :  0.005 0.017 0.853 0.125 
472 Tote_Tote4_    (0)    2 :  0.005 0.016 0.872 0.108 
473 Tote_Tote4_    (0)    2 :  0.005 0.014 0.876 0.105 
474 Tote_Tote4_    (0)    2 :  0.006 0.023 0.831 0.139 
475 Tote_Tote4_    (0)    2 :  0.005 0.020 0.843 0.132 
476 Tote_Tote4_    (0)    2 :  0.004 0.018 0.852 0.125 
477 Tote_Tote4_    (0)    2 :  0.005 0.018 0.840 0.137 
478 Tote_Tote4_    (0)    2 :  0.004 0.017 0.876 0.102 
479 Tote_Tote4_    (0)    2 :  0.005 0.022 0.873 0.100 
480 Tote_Tote4_    (0)    2 :  0.004 0.025 0.869 0.101 
481 Tote_Tote5_    (0)    2 :  0.005 0.016 0.843 0.135 
482 Tote_Tote5_    (0)    2 :  0.005 0.015 0.848 0.132 
483 Tote_Tote5_    (0)    2 :  0.005 0.016 0.851 0.129 
484 Tote_Tote5_    (0)    2 :  0.004 0.013 0.880 0.104 
485 Tote_Tote5_    (0)    2 :  0.004 0.017 0.856 0.123 
486 Tote_Tote5_    (0)    2 :  0.005 0.013 0.875 0.107 
487 Taga_Taga1    (0)    3 :  0.005 0.122 0.071 0.802 
488 Taga_Taga2    (0)    3 :  0.007 0.130 0.088 0.775 
489 Taga_Taga3    (0)    3 :  0.005 0.100 0.085 0.810 
490 Taga_Taga4    (0)    3 :  0.005 0.119 0.077 0.799 
491 Taga_Taga5    (0)    3 :  0.005 0.135 0.082 0.777 
492 Taga_Taga6    (0)    3 :  0.008 0.119 0.104 0.769 
493 Taga_Taga7    (0)    3 :  0.005 0.119 0.089 0.787 
494 Taga_Taga8    (0)    3 :  0.006 0.136 0.083 0.775 
495 Taga_Taga9    (0)    3 :  0.005 0.106 0.078 0.811 
496 Taga_Taga1_    (0)    3 :  0.006 0.125 0.114 0.755 
497 Taga_Taga1_    (0)    3 :  0.005 0.172 0.085 0.737 
498 Taga_Taga1_    (0)    3 :  0.005 0.129 0.093 0.772 
499 Taga_Taga1_    (0)    3 :  0.006 0.102 0.093 0.799 
500 Taga_Taga1_    (0)    3 :  0.005 0.121 0.084 0.789 
501 Taga_Taga1_    (0)    3 :  0.005 0.110 0.081 0.804 
502 Taga_Taga1_    (0)    3 :  0.005 0.155 0.076 0.764 
503 Taga_Taga1_    (0)    3 :  0.005 0.163 0.078 0.754 
504 Taga_Taga1_    (0)    3 :  0.005 0.138 0.080 0.777 
505 Taga_Taga1_    (0)    3 :  0.005 0.140 0.075 0.780 
506 Taga_Taga2_    (0)    3 :  0.005 0.132 0.076 0.787 
507 Taga_Taga2_    (0)    3 :  0.005 0.116 0.072 0.808 
508 Taga_Taga2_    (0)    3 :  0.008 0.134 0.101 0.757 
509 Taga_Taga2_    (0)    3 :  0.005 0.122 0.117 0.756 
510 Taga_Taga2_    (0)    3 :  0.005 0.117 0.088 0.790 
511 Taga_Taga2_    (0)    3 :  0.006 0.119 0.082 0.793 
512 Taga_Taga2_    (0)    3 :  0.005 0.118 0.077 0.800 
513 Taga_Taga2_    (0)    3 :  0.005 0.130 0.072 0.793 
514 Taga_Taga2_    (0)    3 :  0.006 0.101 0.086 0.807 
515 Taga_Taga2_    (0)    3 :  0.005 0.144 0.082 0.769 
516 Taga_Taga3_    (0)    3 :  0.005 0.137 0.092 0.766 
517 Taga_Taga3_    (0)    3 :  0.005 0.101 0.082 0.812 
518 Taga_Taga3_    (0)    3 :  0.005 0.111 0.079 0.805 
519 Taga_Taga3_    (0)    3 :  0.004 0.150 0.071 0.774 
520 Taga_Taga3_    (0)    3 :  0.007 0.100 0.126 0.766 
521 Taga_Taga3_    (0)    3 :  0.005 0.113 0.084 0.798 
522 Taga_Taga3_    (0)    3 :  0.005 0.127 0.072 0.796 
523 Taga_Taga3_    (0)    3 :  0.007 0.119 0.095 0.780 
524 Taga_Taga3_    (0)    3 :  0.005 0.133 0.092 0.770 
525 Taga_Taga3_    (0)    3 :  0.005 0.129 0.072 0.794 
526 Taga_Taga4_    (0)    3 :  0.005 0.127 0.081 0.787 
527 Taga_Taga4_    (0)    3 :  0.004 0.121 0.072 0.803 
528 Taga_Taga4_    (0)    3 :  0.004 0.121 0.065 0.810 
529 Taga_Taga4_    (0)    3 :  0.006 0.138 0.108 0.748 
530 Taga_Taga4_    (0)    3 :  0.006 0.114 0.091 0.789 
531 Taga_Taga4_    (0)    3 :  0.006 0.105 0.088 0.801 
532 Taga_Taga4_    (0)    3 :  0.006 0.124 0.122 0.749 
533 Taga_Taga4_    (0)    3 :  0.005 0.106 0.106 0.783 
534 Taga_Taga4_    (0)    3 :  0.005 0.138 0.115 0.742 
535 Taga_Taga4_    (0)    3 :  0.005 0.146 0.087 0.762 
536 Taga_Taga5_    (0)    3 :  0.005 0.118 0.072 0.805 
537 Taga_Taga5_    (0)    3 :  0.005 0.129 0.086 0.779 
538 Taga_Taga5_    (0)    3 :  0.004 0.129 0.072 0.794 
539 Mata_Mata1    (0)    3 :  0.005 0.140 0.079 0.776 
540 Mata_Mata2    (0)    3 :  0.005 0.115 0.071 0.809 
541 Mata_Mata3    (0)    3 :  0.005 0.138 0.068 0.789 
542 Mata_Mata4    (0)    3 :  0.005 0.148 0.078 0.769 
543 Mata_Mata5    (0)    3 :  0.005 0.129 0.094 0.772 
544 Mata_Mata6    (0)    3 :  0.005 0.115 0.078 0.803 
545 Mata_Mata7    (0)    3 :  0.007 0.129 0.093 0.771 
546 Mata_Mata8    (0)    3 :  0.006 0.138 0.087 0.769 
547 Mata_Mata9    (0)    3 :  0.005 0.158 0.094 0.742 
548 Mata_Mata1_    (0)    3 :  0.005 0.153 0.071 0.770 
549 Mata_Mata1_    (0)    3 :  0.005 0.123 0.093 0.778 
550 Mata_Mata1_    (0)    3 :  0.007 0.127 0.101 0.766 
551 Mata_Mata1_    (0)    3 :  0.009 0.125 0.114 0.751 
552 Mata_Mata1_    (0)    3 :  0.005 0.131 0.077 0.788 
553 Mata_Mata1_    (0)    3 :  0.007 0.179 0.103 0.710 
554 Mata_Mata1_    (0)    3 :  0.005 0.141 0.080 0.773 
555 Mata_Mata1_    (0)    3 :  0.004 0.142 0.074 0.780 
556 Mata_Mata1_    (0)    3 :  0.005 0.141 0.093 0.762 
557 Mata_Mata1_    (0)    3 :  0.006 0.117 0.082 0.795 
558 Mata_Mata2_    (0)    3 :  0.007 0.128 0.125 0.741 
559 Mata_Mata2_    (0)    3 :  0.006 0.106 0.104 0.784 
560 Mata_Mata2_    (0)    3 :  0.005 0.136 0.090 0.769 
561 Mata_Mata2_    (0)    3 :  0.006 0.154 0.107 0.733 
562 Mata_Mata2_    (0)    3 :  0.007 0.105 0.121 0.767 
563 Mata_Mata2_    (0)    3 :  0.006 0.098 0.107 0.789 
564 Mata_Mata2_    (0)    3 :  0.006 0.105 0.091 0.799 
565 Mata_Mata2_    (0)    3 :  0.005 0.118 0.074 0.804 
566 Mata_Mata2_    (0)    3 :  0.008 0.144 0.123 0.725 
567 Mata_Mata3_    (0)    3 :  0.010 0.108 0.081 0.801 
568 Mata_Mata3_    (0)    3 :  0.007 0.131 0.087 0.775 
569 Mata_Mata3_    (0)    3 :  0.006 0.114 0.097 0.783 
570 Mata_Mata3_    (0)    3 :  0.005 0.123 0.075 0.798 
571 Mata_Mata3_    (0)    3 :  0.005 0.121 0.075 0.799 
572 Mata_Mata3_    (0)    3 :  0.005 0.150 0.078 0.768 
573 Mata_Mata3_    (0)    3 :  0.006 0.142 0.091 0.760 
574 Mata_Mata3_    (0)    3 :  0.005 0.136 0.080 0.779 
575 Mata_Mata3_    (0)    3 :  0.004 0.105 0.069 0.822 
576 Mata_Mata4_    (0)    3 :  0.004 0.128 0.069 0.798 
577 Mata_Mata4_    (0)    3 :  0.004 0.137 0.070 0.789 
578 Mata_Mata4_    (0)    3 :  0.007 0.116 0.077 0.800 
579 Mata_Mata4_    (0)    3 :  0.005 0.124 0.080 0.792 
580 Mata_Mata4_    (0)    3 :  0.005 0.153 0.090 0.752 
581 Mata_Mata4_    (0)    3 :  0.005 0.110 0.067 0.818 
582 Mata_Mata4_    (0)    3 :  0.005 0.132 0.081 0.781 
583 Mata_Mata4_    (0)    3 :  0.005 0.140 0.072 0.783 
584 Mata_Mata4_    (0)    3 :  0.005 0.124 0.086 0.785 
585 Mata_Mata4_    (0)    3 :  0.005 0.133 0.068 0.794 
586 Mata_Mata5_    (0)    3 :  0.011 0.131 0.103 0.756 
587 Muaiv_Muai    (0)    3 :  0.005 0.143 0.084 0.768 
588 Muaiv_Muai_    (0)    3 :  0.005 0.173 0.084 0.738 
589 Muaiv_Muai_    (0)    3 :  0.006 0.121 0.084 0.789 
590 Muaiv_Muai_    (0)    3 :  0.005 0.175 0.075 0.745 
591 Muaiv_Muai_    (0)    3 :  0.005 0.134 0.085 0.776 
592 Muaiv_Muai_    (0)    3 :  0.006 0.141 0.088 0.766 
593 Muaiv_Muai_    (0)    3 :  0.005 0.135 0.078 0.782 
594 Muaiv_Muai_    (0)    3 :  0.006 0.130 0.084 0.780 
595 Muaiv_Muai_    (0)    3 :  0.005 0.181 0.072 0.742 
596 Muaiv_Muai_    (0)    3 :  0.005 0.124 0.078 0.794 
597 Muaiv_Muai_    (0)    3 :  0.007 0.131 0.129 0.733 
598 Muaiv_Muai_    (0)    3 :  0.004 0.173 0.081 0.742 
599 Muaiv_Muai_    (0)    3 :  0.007 0.143 0.082 0.767 
600 Muaiv_Muai_    (0)    3 :  0.007 0.141 0.099 0.754 
601 Muaiv_Muai_    (0)    3 :  0.005 0.114 0.071 0.810 
602 Muaiv_Muai_    (0)    3 :  0.005 0.116 0.094 0.785 
603 Muaiv_Muai_    (0)    3 :  0.004 0.124 0.075 0.797 
604 Muaiv_Muai_    (0)    3 :  0.007 0.141 0.151 0.702 
605 Muaiv_Muai_    (0)    3 :  0.005 0.135 0.090 0.770 
606 Muaiv_Muai_    (0)    3 :  0.004 0.151 0.071 0.774 
607 Muaiv_Muai_    (0)    3 :  0.004 0.128 0.070 0.798 
608 Muaiv_Muai_    (0)    3 :  0.005 0.154 0.087 0.754 
609 Muaiv_Muai_    (0)    3 :  0.006 0.143 0.098 0.754 
610 Muaiv_Muai_    (0)    3 :  0.006 0.163 0.089 0.742 
611 Muaiv_Muai_    (0)    3 :  0.005 0.143 0.090 0.762 
612 Muaiv_Muai_    (0)    3 :  0.005 0.129 0.076 0.790 
613 Muaiv_Muai_    (0)    3 :  0.005 0.169 0.073 0.753 
614 Muaiv_Muai_    (0)    3 :  0.005 0.107 0.087 0.801 
615 Muaiv_Muai_    (0)    3 :  0.005 0.145 0.085 0.765 
616 Muaiv_Muai_    (0)    3 :  0.005 0.141 0.082 0.772 
617 Muaiv_Muai_    (0)    3 :  0.005 0.141 0.082 0.772 
618 Muaiv_Muai_    (0)    3 :  0.006 0.127 0.090 0.776 
619 Muaiv_Muai_    (0)    3 :  0.007 0.167 0.097 0.729 
620 Muaiv_Muai_    (0)    3 :  0.005 0.105 0.078 0.811 
621 Muaiv_Muai_    (0)    3 :  0.006 0.115 0.114 0.765 
622 Muaiv_Muai_    (0)    3 :  0.005 0.136 0.100 0.759 
623 Muaiv_Muai_    (0)    3 :  0.004 0.117 0.072 0.807 
624 Muaiv_Muai_    (0)    3 :  0.007 0.139 0.083 0.771 
625 Muaiv_Muai_    (0)    3 :  0.005 0.119 0.095 0.781 
626 Muaiv_Muai_    (0)    3 :  0.006 0.119 0.089 0.787 
627 Muaiv_Muai_    (0)    3 :  0.005 0.118 0.075 0.802 
628 Muaiv_Muai_    (0)    3 :  0.005 0.135 0.075 0.785 
629 Muaiv_Muai_    (0)    3 :  0.006 0.125 0.108 0.761 
630 Muaiv_Muai_    (0)    3 :  0.004 0.122 0.070 0.804 
631 Muaiv_Muai_    (0)    3 :  0.008 0.128 0.118 0.745 
632 Muaiv_Muai_    (0)    3 :  0.009 0.151 0.104 0.736 
633 Muaiv_Muai_    (0)    3 :  0.005 0.121 0.077 0.797 
634 Muaiv_Muai_    (0)    3 :  0.014 0.123 0.093 0.769 
635 Muaiv_Muai_    (0)    3 :  0.005 0.123 0.093 0.778 
636 Muaiv_Muai_    (0)    3 :  0.005 0.129 0.074 0.791 
637 Muaiv_Muai_    (0)    3 :  0.005 0.100 0.088 0.807 
638 Muaiv_Muai_    (0)    3 :  0.006 0.126 0.086 0.782 
639 Muaiv_Muai_    (0)    3 :  0.008 0.180 0.088 0.723 
640 Muaiv_Muai_    (0)    3 :  0.005 0.115 0.075 0.806 
641 Nadi_Nadi1    (0)    3 :  0.007 0.124 0.111 0.759 
642 Nadi_Nadi2    (0)    3 :  0.004 0.117 0.071 0.808 
643 Nadi_Nadi3    (0)    3 :  0.004 0.159 0.072 0.765 
644 Nadi_Nadi4    (0)    3 :  0.007 0.102 0.090 0.801 
645 Nadi_Nadi5    (0)    3 :  0.005 0.146 0.099 0.750 
646 Nadi_Nadi7    (0)    3 :  0.008 0.114 0.102 0.776 
647 Nadi_Nadi8    (0)    3 :  0.006 0.112 0.090 0.792 
648 Nadi_Nadi9    (0)    3 :  0.005 0.122 0.078 0.795 
649 Nadi_Nadi1_    (0)    3 :  0.005 0.108 0.071 0.816 
650 Nadi_Nadi1_    (0)    3 :  0.006 0.118 0.079 0.797 
651 Nadi_Nadi1_    (0)    3 :  0.006 0.109 0.078 0.807 
652 Nadi_Nadi1_    (0)    3 :  0.008 0.111 0.083 0.798 
653 Nadi_Nadi1_    (0)    3 :  0.006 0.110 0.097 0.787 
654 Nadi_Nadi1_    (0)    3 :  0.005 0.138 0.067 0.791 
655 Nadi_Nadi1_    (0)    3 :  0.005 0.138 0.088 0.769 
656 Nadi_Nadi1_    (0)    3 :  0.005 0.120 0.076 0.800 
657 Nadi_Nadi1_    (0)    3 :  0.006 0.105 0.079 0.810 
658 Nadi_Nadi1_    (0)    3 :  0.005 0.132 0.076 0.787 
659 Nadi_Nadi2_    (0)    3 :  0.006 0.129 0.086 0.779 
660 Nadi_Nadi2_    (0)    3 :  0.006 0.127 0.126 0.741 
661 Nadi_Nadi2_    (0)    3 :  0.005 0.166 0.066 0.764 
662 Nadi_Nadi2_    (0)    3 :  0.005 0.114 0.075 0.806 
663 Nadi_Nadi2_    (0)    3 :  0.004 0.138 0.069 0.789 
664 Nadi_Nadi2_    (0)    3 :  0.005 0.128 0.086 0.781 
665 Nadi_Nadi2_    (0)    3 :  0.005 0.132 0.071 0.793 
666 Nadi_Nadi2_    (0)    3 :  0.011 0.120 0.194 0.675 
667 Nadi_Nadi2_    (0)    3 :  0.006 0.138 0.100 0.756 
668 Nadi_Nadi3_    (0)    3 :  0.005 0.120 0.068 0.808 
669 Nadi_Nadi3_    (0)    3 :  0.005 0.118 0.091 0.786 
670 Nadi_Nadi3_    (0)    3 :  0.005 0.118 0.092 0.785 
671 Nadi_Nadi3_    (0)    3 :  0.005 0.123 0.076 0.796 
672 Nadi_Nadi3_    (0)    3 :  0.005 0.139 0.086 0.769 
673 Nadi_Nadi3_    (0)    3 :  0.005 0.132 0.083 0.781 
674 Nadi_Nadi3_    (0)    3 :  0.005 0.098 0.073 0.824 
675 Nadi_Nadi3_    (0)    3 :  0.004 0.103 0.070 0.822 
676 Nadi_Nadi3_    (0)    3 :  0.004 0.151 0.070 0.775 
677 Nadi_Nadi3_    (0)    3 :  0.006 0.136 0.087 0.771 
678 Nadi_Nadi4_    (0)    3 :  0.006 0.111 0.092 0.791 
679 Nadi_Nadi4_    (0)    3 :  0.004 0.112 0.064 0.820 
680 Nadi_Nadi4_    (0)    3 :  0.005 0.148 0.079 0.768 
681 Nadi_Nadi4_    (0)    3 :  0.006 0.102 0.086 0.806 
682 Nadi_Nadi4_    (0)    3 :  0.005 0.127 0.085 0.783 
683 Nadi_Nadi4_    (0)    3 :  0.006 0.123 0.073 0.798 
684 Nadi_Nadi4_    (0)    3 :  0.006 0.112 0.090 0.792 
