

----------------------------------------------------
STRUCTURE by Pritchard, Stephens and Donnelly (2000)
     and Falush, Stephens and Pritchard (2003)
       Code by Pritchard, Falush and Hubisz
             Version 2.3.4 (Jul 2012)
----------------------------------------------------



Command line arguments:   /opt/anaconda3/bin/structure -K 9 -i /data/home/edc5240/Daruanus/Daruanus_All_8locus_stru.txt -o /data/home/edc5240/Daruanus/output/str_K9_rep4 -D 9555008 -m /data/home/edc5240/Daruanus/mainparams -e /data/home/edc5240/Daruanus/extraparams 
Input File:    /data/home/edc5240/Daruanus/Daruanus_All_8locus_stru.txt

Run parameters:
   1358 individuals
   8 loci
   9 populations assumed
   250000 Burn-in period
   1000000 Reps
LOCPRIOR model used
RANDOMIZE turned off


--------------------------------------------
Proportion of membership of each pre-defined
 population in each of the 9 clusters

Given    Inferred Clusters                                                 Number of
 Pop       1      2      3      4      5      6      7      8      9      Individuals

  1:     0.008  0.039  0.024  0.027  0.034  0.022  0.005  0.606  0.235       72
  2:     0.061  0.079  0.099  0.146  0.119  0.114  0.008  0.002  0.371      414
  3:     0.295  0.003  0.519  0.002  0.043  0.104  0.032  0.002  0.001      358
  4:     0.012  0.007  0.327  0.001  0.017  0.008  0.625  0.003  0.001      441
  5:     0.020  0.008  0.279  0.004  0.010  0.007  0.665  0.003  0.005       73
--------------------------------------------

Allele-freq. divergence among pops (Net nucleotide distance),
computed using point estimates of P.

      1       2       3       4       5       6       7       8       9      
 1      -    0.0213  0.0358  0.0219  0.0207  0.0203  0.0673  0.0369  0.0418  
 2   0.0213     -    0.0478  0.0001  0.0000  0.0001  0.0494  0.0110  0.0104  
 3   0.0358  0.0478     -    0.0491  0.0469  0.0466  0.0813  0.0650  0.0755  
 4   0.0219  0.0001  0.0491     -    0.0002  0.0002  0.0507  0.0117  0.0092  
 5   0.0207  0.0000  0.0469  0.0002     -    0.0000  0.0489  0.0111  0.0114  
 6   0.0203  0.0001  0.0466  0.0002  0.0000     -    0.0491  0.0114  0.0115  
 7   0.0673  0.0494  0.0813  0.0507  0.0489  0.0491     -    0.0672  0.0751  
 8   0.0369  0.0110  0.0650  0.0117  0.0111  0.0114  0.0672     -    0.0178  
 9   0.0418  0.0104  0.0755  0.0092  0.0114  0.0115  0.0751  0.0178     -    

Average distances (expected heterozygosity) between individuals in same cluster:
cluster  1  : 0.8472 
cluster  2  : 0.9165 
cluster  3  : 0.7717 
cluster  4  : 0.9154 
cluster  5  : 0.9166 
cluster  6  : 0.9159 
cluster  7  : 0.8131 
cluster  8  : 0.8909 
cluster  9  : 0.8853 

--------------------------------------------
Estimated Ln Prob of Data   = -55533.7
Mean value of ln likelihood = -54864.8
Variance of ln likelihood   = 1337.8
Mean value of alpha         = 5.9808

Mean value of alpha_local for each location:
	location  1:  0.3091  1.4254  1.0338  1.0564  1.5360  0.9091  0.2084  24.2042  9.2555
	location  2:  2.8315  4.3521  4.7594  7.6827  6.5312  4.4095  0.3834  0.0737  16.5370
	location  3:  14.2130  0.1341  25.1571  0.0722  2.1509  5.0309  1.5415  0.1086  0.0452
	location  4:  0.5981  0.3458  16.6955  0.0418  0.8874  0.4155  31.9218  0.1302  0.0426
	location  5:  0.8491  0.3061  11.9089  0.1441  0.4833  0.2677  28.0750  0.1455  0.2463

Mean value of Fst_1         = 0.0801
Mean value of Fst_2         = 0.0099
Mean value of Fst_3         = 0.1136
Mean value of Fst_4         = 0.0115
Mean value of Fst_5         = 0.0045
Mean value of Fst_6         = 0.0048
Mean value of Fst_7         = 0.1026
Mean value of Fst_8         = 0.0364
Mean value of Fst_9         = 0.0363

Mean value of r = 0.0702

Inferred ancestry of individuals:
        Label (%Miss) Pop:  Inferred clusters
  1 Lion_Lion1    (0)    1 :  0.007 0.036 0.022 0.025 0.031 0.020 0.005 0.629 0.223 
  2 Lion_Lion2    (0)    1 :  0.011 0.040 0.026 0.028 0.035 0.023 0.006 0.610 0.222 
  3 Lion_Lion3    (0)    1 :  0.008 0.037 0.028 0.026 0.032 0.021 0.006 0.621 0.221 
  4 Lion_Lion4    (0)    1 :  0.008 0.038 0.028 0.027 0.033 0.021 0.006 0.599 0.240 
  5 Lion_Lion5    (0)    1 :  0.007 0.037 0.021 0.027 0.033 0.021 0.005 0.623 0.225 
  6 Lion_Lion6    (0)    1 :  0.008 0.041 0.021 0.029 0.035 0.023 0.004 0.606 0.232 
  7 Lion_Lion7    (0)    1 :  0.008 0.040 0.023 0.028 0.034 0.022 0.005 0.602 0.239 
  8 Lion_Lion8    (0)    1 :  0.008 0.038 0.025 0.027 0.033 0.022 0.005 0.610 0.232 
  9 Lion_Lion9    (0)    1 :  0.009 0.038 0.028 0.027 0.033 0.022 0.007 0.624 0.212 
 10 Lion_Lion10    (0)    1 :  0.007 0.043 0.019 0.031 0.037 0.024 0.004 0.577 0.258 
 11 Lion_Lion11    (0)    1 :  0.008 0.039 0.026 0.027 0.034 0.022 0.005 0.605 0.234 
 12 Lion_Lion13    (0)    1 :  0.007 0.038 0.025 0.027 0.033 0.021 0.006 0.592 0.250 
 13 Lion_Lion14    (0)    1 :  0.007 0.039 0.023 0.027 0.034 0.022 0.007 0.622 0.219 
 14 Lion_Lion15    (0)    1 :  0.008 0.042 0.022 0.029 0.036 0.023 0.005 0.595 0.240 
 15 Lion_Lion16    (0)    1 :  0.007 0.039 0.021 0.028 0.034 0.022 0.004 0.600 0.244 
 16 Lion_Lion17    (0)    1 :  0.007 0.040 0.022 0.028 0.034 0.022 0.005 0.631 0.210 
 17 Lion_Lion18    (0)    1 :  0.007 0.037 0.022 0.026 0.032 0.021 0.004 0.608 0.243 
 18 Lion_Lion19    (0)    1 :  0.010 0.041 0.029 0.028 0.035 0.023 0.006 0.599 0.229 
 19 Lion_Lion20    (0)    1 :  0.008 0.042 0.030 0.030 0.036 0.024 0.005 0.581 0.245 
 20 Lion_Lion21    (0)    1 :  0.007 0.040 0.022 0.029 0.035 0.022 0.005 0.590 0.250 
 21 Lion_Lion22    (0)    1 :  0.007 0.037 0.020 0.026 0.032 0.021 0.005 0.630 0.222 
 22 Lion_Lion23    (0)    1 :  0.007 0.038 0.021 0.027 0.033 0.021 0.005 0.604 0.244 
 23 Lion_Lion24    (0)    1 :  0.008 0.040 0.031 0.028 0.035 0.023 0.005 0.599 0.231 
 24 Lion_Lion25    (0)    1 :  0.007 0.038 0.027 0.027 0.033 0.022 0.005 0.605 0.236 
 25 Lion_Lion26    (0)    1 :  0.007 0.039 0.023 0.027 0.033 0.022 0.006 0.614 0.229 
 26 Lion_Lion27    (0)    1 :  0.008 0.037 0.024 0.027 0.033 0.021 0.005 0.606 0.239 
 27 Lion_Lion28    (0)    1 :  0.007 0.038 0.023 0.027 0.033 0.022 0.005 0.621 0.223 
 28 Lion_Lion29    (0)    1 :  0.007 0.039 0.020 0.028 0.034 0.022 0.004 0.621 0.226 
 29 Lion_Lion30    (0)    1 :  0.009 0.042 0.024 0.029 0.036 0.023 0.007 0.589 0.239 
 30 Lion_Lion31    (0)    1 :  0.007 0.037 0.023 0.026 0.033 0.021 0.005 0.625 0.223 
 31 Lion_Lion32    (0)    1 :  0.006 0.034 0.018 0.025 0.031 0.020 0.004 0.642 0.220 
 32 Lion_Lion33    (0)    1 :  0.007 0.038 0.021 0.027 0.033 0.021 0.005 0.592 0.255 
 33 Lion_Lion34    (0)    1 :  0.007 0.035 0.021 0.025 0.031 0.020 0.006 0.615 0.240 
 34 Lion_Lion36    (0)    1 :  0.008 0.038 0.023 0.027 0.033 0.021 0.005 0.594 0.250 
 35 Lion_Lion38    (0)    1 :  0.008 0.037 0.022 0.026 0.033 0.021 0.004 0.603 0.246 
 36 Lion_Lion39    (0)    1 :  0.007 0.043 0.022 0.029 0.036 0.023 0.005 0.603 0.234 
 37 Lion_Lion40    (0)    1 :  0.008 0.036 0.025 0.025 0.032 0.021 0.005 0.618 0.229 
 38 Lion_Lion41    (0)    1 :  0.009 0.041 0.028 0.029 0.036 0.024 0.005 0.583 0.244 
 39 Lion_Lion42    (0)    1 :  0.007 0.041 0.024 0.029 0.035 0.023 0.004 0.591 0.245 
 40 Lion_Lion43    (0)    1 :  0.007 0.039 0.024 0.028 0.034 0.022 0.005 0.586 0.256 
 41 Lion_Lion44    (0)    1 :  0.009 0.042 0.027 0.029 0.036 0.023 0.004 0.607 0.224 
 42 Lion_Lion45    (0)    1 :  0.008 0.038 0.025 0.026 0.033 0.022 0.006 0.623 0.219 
 43 Lion_Lion46    (0)    1 :  0.008 0.037 0.028 0.026 0.033 0.021 0.007 0.624 0.216 
 44 Lion_Lion47    (0)    1 :  0.009 0.039 0.025 0.027 0.034 0.022 0.006 0.605 0.234 
 45 Lion_Lion48    (0)    1 :  0.008 0.039 0.024 0.028 0.034 0.022 0.005 0.590 0.252 
 46 Lion_Lion49    (0)    1 :  0.007 0.039 0.026 0.028 0.034 0.022 0.005 0.593 0.247 
 47 Lion_Lion50    (0)    1 :  0.008 0.043 0.027 0.031 0.036 0.024 0.005 0.590 0.237 
 48 Lion_Lion51    (0)    1 :  0.007 0.036 0.021 0.026 0.032 0.021 0.004 0.618 0.234 
 49 Lion_Lion52    (0)    1 :  0.008 0.041 0.026 0.028 0.035 0.023 0.006 0.606 0.227 
 50 Lolo_Lolo1    (0)    1 :  0.008 0.035 0.026 0.025 0.031 0.020 0.005 0.638 0.213 
 51 Lolo_Lolo2    (0)    1 :  0.007 0.038 0.027 0.026 0.033 0.021 0.006 0.628 0.213 
 52 Lolo_Lolo3    (0)    1 :  0.008 0.038 0.024 0.027 0.033 0.021 0.005 0.617 0.226 
 53 Lolo_Lolo4    (0)    1 :  0.007 0.037 0.025 0.026 0.032 0.020 0.005 0.604 0.244 
 54 Lolo_Lolo5    (0)    1 :  0.007 0.039 0.028 0.027 0.034 0.022 0.005 0.615 0.223 
 55 Lolo_Lolo6    (0)    1 :  0.007 0.040 0.026 0.028 0.035 0.022 0.008 0.583 0.250 
 56 Lolo_Lolo7    (0)    1 :  0.007 0.038 0.023 0.027 0.033 0.021 0.005 0.623 0.224 
 57 Lolo_Lolo8    (0)    1 :  0.008 0.038 0.024 0.026 0.033 0.021 0.006 0.622 0.222 
 58 Lolo_Lolo9    (0)    1 :  0.007 0.037 0.028 0.026 0.033 0.021 0.005 0.620 0.223 
 59 Manu_Manu1    (0)    1 :  0.007 0.038 0.025 0.027 0.033 0.022 0.005 0.616 0.228 
 60 Manu_Manu2    (0)    1 :  0.008 0.039 0.028 0.027 0.034 0.022 0.005 0.599 0.237 
 61 Manu_Manu3    (0)    1 :  0.007 0.038 0.022 0.027 0.033 0.022 0.005 0.594 0.251 
 62 Manu_Manu4    (0)    1 :  0.008 0.038 0.032 0.027 0.033 0.021 0.005 0.600 0.235 
 63 Manu_Manu5    (0)    1 :  0.007 0.040 0.025 0.028 0.034 0.022 0.009 0.581 0.253 
 64 Manu_Manu6    (0)    1 :  0.007 0.040 0.023 0.028 0.035 0.023 0.005 0.573 0.266 
 65 Manu_Manu7    (0)    1 :  0.007 0.040 0.022 0.029 0.035 0.022 0.005 0.605 0.235 
 66 Manu_Manu8    (0)    1 :  0.007 0.039 0.023 0.027 0.034 0.022 0.005 0.597 0.246 
 67 Manu_Manu9    (0)    1 :  0.009 0.042 0.029 0.029 0.036 0.023 0.006 0.597 0.228 
 68 Manu_Manu10    (0)    1 :  0.008 0.042 0.022 0.029 0.036 0.023 0.006 0.583 0.250 
 69 Manu_Manu11    (0)    1 :  0.008 0.039 0.023 0.028 0.034 0.022 0.005 0.599 0.242 
 70 Manu_Manu13    (0)    1 :  0.008 0.037 0.036 0.026 0.032 0.021 0.005 0.618 0.216 
 71 Manu_Manu14    (0)    1 :  0.007 0.037 0.020 0.027 0.033 0.021 0.005 0.583 0.266 
 72 Manu_Manu15    (0)    1 :  0.007 0.035 0.021 0.025 0.031 0.020 0.005 0.621 0.234 
 73   Go_Go1    (0)    2 :  0.058 0.080 0.108 0.148 0.120 0.117 0.008 0.002 0.358 
 74   Go_Go2    (0)    2 :  0.076 0.076 0.098 0.142 0.115 0.109 0.009 0.002 0.373 
 75   Go_Go3    (0)    2 :  0.061 0.082 0.099 0.148 0.123 0.119 0.007 0.002 0.359 
 76   Go_Go4    (0)    2 :  0.060 0.080 0.094 0.148 0.120 0.118 0.007 0.002 0.371 
 77   Go_Go5    (0)    2 :  0.062 0.080 0.101 0.147 0.120 0.118 0.008 0.002 0.361 
 78   Go_Go6    (0)    2 :  0.063 0.080 0.088 0.147 0.119 0.115 0.007 0.002 0.380 
 79   Go_Go7    (0)    2 :  0.071 0.079 0.097 0.147 0.120 0.115 0.007 0.002 0.362 
 80   Go_Go8    (0)    2 :  0.069 0.079 0.091 0.146 0.120 0.116 0.007 0.002 0.371 
 81   Go_Go9    (0)    2 :  0.056 0.081 0.095 0.150 0.121 0.118 0.011 0.002 0.366 
 82  Go_Go10    (0)    2 :  0.065 0.082 0.091 0.149 0.121 0.118 0.008 0.002 0.363 
 83  Go_Go11    (0)    2 :  0.066 0.079 0.096 0.146 0.118 0.115 0.007 0.002 0.371 
 84  Go_Go12    (0)    2 :  0.062 0.079 0.100 0.146 0.119 0.114 0.008 0.002 0.369 
 85  Go_Go13    (0)    2 :  0.058 0.080 0.088 0.149 0.120 0.118 0.008 0.002 0.377 
 86  Go_Go14    (0)    2 :  0.071 0.079 0.093 0.145 0.119 0.114 0.009 0.002 0.369 
 87  Go_Go15    (0)    2 :  0.059 0.078 0.100 0.146 0.119 0.114 0.007 0.002 0.375 
 88  Go_Go16    (0)    2 :  0.057 0.081 0.097 0.147 0.123 0.119 0.007 0.002 0.367 
 89  Go_Go17    (0)    2 :  0.059 0.076 0.102 0.142 0.115 0.109 0.008 0.002 0.386 
 90  Go_Go18    (0)    2 :  0.058 0.078 0.110 0.145 0.118 0.114 0.008 0.002 0.366 
 91  Go_Go19    (0)    2 :  0.063 0.077 0.115 0.143 0.116 0.110 0.009 0.002 0.364 
 92  Go_Go20    (0)    2 :  0.061 0.079 0.099 0.146 0.120 0.116 0.006 0.002 0.370 
 93  Go_Go21    (0)    2 :  0.056 0.078 0.100 0.144 0.117 0.113 0.007 0.002 0.383 
 94  Go_Go22    (0)    2 :  0.060 0.078 0.094 0.144 0.118 0.112 0.007 0.002 0.385 
 95  Go_Go23    (0)    2 :  0.068 0.077 0.108 0.144 0.117 0.112 0.008 0.002 0.363 
 96  Go_Go24    (0)    2 :  0.060 0.079 0.095 0.148 0.118 0.116 0.008 0.002 0.375 
 97  Go_Go25    (0)    2 :  0.068 0.078 0.107 0.144 0.118 0.113 0.007 0.002 0.363 
 98  Go_Go27    (0)    2 :  0.064 0.079 0.103 0.145 0.118 0.114 0.012 0.002 0.363 
 99  Go_Go28    (0)    2 :  0.060 0.080 0.107 0.147 0.121 0.117 0.011 0.002 0.356 
100  Go_Go29    (0)    2 :  0.063 0.076 0.136 0.141 0.116 0.109 0.009 0.002 0.349 
101  Go_Go30    (0)    2 :  0.052 0.079 0.085 0.147 0.118 0.113 0.007 0.002 0.397 
102  Go_Go31    (0)    2 :  0.072 0.076 0.106 0.142 0.115 0.108 0.007 0.002 0.372 
103  Go_Go32    (0)    2 :  0.069 0.080 0.104 0.148 0.120 0.118 0.009 0.002 0.349 
104  Go_Go33    (0)    2 :  0.056 0.079 0.089 0.148 0.118 0.114 0.008 0.002 0.387 
105  Go_Go34    (0)    2 :  0.060 0.077 0.111 0.143 0.116 0.110 0.007 0.002 0.374 
106  Go_Go35    (0)    2 :  0.067 0.079 0.104 0.146 0.118 0.115 0.008 0.002 0.361 
107  Go_Go36    (0)    2 :  0.075 0.080 0.094 0.147 0.121 0.118 0.007 0.002 0.358 
108  Go_Go37    (0)    2 :  0.064 0.083 0.093 0.152 0.124 0.122 0.008 0.002 0.353 
109  Go_Go38    (0)    2 :  0.057 0.081 0.084 0.149 0.122 0.119 0.006 0.002 0.379 
110  Go_Go39    (0)    2 :  0.059 0.077 0.130 0.144 0.118 0.113 0.007 0.002 0.349 
111  Go_Go40    (0)    2 :  0.059 0.079 0.107 0.146 0.119 0.114 0.007 0.002 0.367 
112  Go_Go41    (0)    2 :  0.085 0.078 0.088 0.146 0.118 0.114 0.007 0.002 0.362 
113  Go_Go42    (0)    2 :  0.086 0.077 0.118 0.143 0.117 0.110 0.009 0.002 0.337 
114  Go_Go43    (0)    2 :  0.063 0.076 0.126 0.142 0.116 0.109 0.008 0.002 0.358 
115  Go_Go44    (0)    2 :  0.063 0.080 0.097 0.147 0.120 0.116 0.009 0.002 0.366 
116  Go_Go45    (0)    2 :  0.063 0.081 0.092 0.150 0.121 0.120 0.007 0.002 0.364 
117  Go_Go46    (0)    2 :  0.067 0.082 0.093 0.150 0.122 0.120 0.008 0.002 0.355 
118  Go_Go47    (0)    2 :  0.059 0.082 0.102 0.150 0.122 0.121 0.009 0.002 0.353 
119  Go_Go48    (0)    2 :  0.057 0.079 0.092 0.148 0.117 0.113 0.007 0.002 0.386 
120  Go_Go49    (0)    2 :  0.064 0.082 0.091 0.151 0.122 0.120 0.009 0.002 0.358 
121  Go_Go50    (0)    2 :  0.056 0.079 0.101 0.146 0.118 0.113 0.007 0.002 0.378 
122  Go_Go51    (0)    2 :  0.051 0.079 0.077 0.145 0.120 0.114 0.008 0.002 0.403 
123  Go_Go52    (0)    2 :  0.056 0.080 0.093 0.149 0.121 0.118 0.007 0.002 0.373 
124  Go_Go53    (0)    2 :  0.060 0.079 0.092 0.147 0.118 0.115 0.008 0.002 0.380 
125  Go_Go54    (0)    2 :  0.059 0.078 0.090 0.146 0.116 0.112 0.008 0.002 0.390 
126  Go_Go55    (0)    2 :  0.057 0.080 0.083 0.149 0.120 0.116 0.007 0.002 0.387 
127  Go_Go56    (0)    2 :  0.066 0.078 0.093 0.144 0.118 0.113 0.009 0.002 0.377 
128 Hie_Hie2    (0)    2 :  0.054 0.086 0.092 0.158 0.127 0.128 0.008 0.002 0.346 
129 Hie_Hie3    (0)    2 :  0.067 0.079 0.100 0.146 0.119 0.114 0.009 0.002 0.365 
130 Hie_Hie4    (0)    2 :  0.070 0.077 0.106 0.144 0.116 0.110 0.008 0.002 0.367 
131 Hie_Hie5    (0)    2 :  0.058 0.076 0.096 0.142 0.115 0.108 0.007 0.002 0.396 
132 Hie_Hie6    (0)    2 :  0.059 0.078 0.104 0.145 0.118 0.114 0.008 0.002 0.371 
133 Hie_Hie7    (0)    2 :  0.060 0.076 0.109 0.142 0.115 0.109 0.009 0.002 0.379 
134 Hie_Hie8    (0)    2 :  0.068 0.080 0.098 0.147 0.121 0.115 0.008 0.002 0.360 
135 Hie_Hie9    (0)    2 :  0.057 0.078 0.104 0.145 0.119 0.114 0.008 0.003 0.372 
136 Hie_Hie11    (0)    2 :  0.070 0.077 0.118 0.142 0.117 0.110 0.008 0.002 0.356 
137 Hie_Hie12    (0)    2 :  0.065 0.077 0.088 0.143 0.115 0.109 0.008 0.002 0.395 
138 Hie_Hie13    (0)    2 :  0.059 0.080 0.100 0.147 0.120 0.116 0.007 0.002 0.370 
139 Hie_Hie14    (0)    2 :  0.058 0.081 0.086 0.150 0.122 0.119 0.007 0.002 0.374 
140 Hie_Hie15    (0)    2 :  0.062 0.080 0.100 0.147 0.120 0.116 0.009 0.002 0.365 
141 Hie_Hie16    (0)    2 :  0.054 0.077 0.087 0.143 0.116 0.110 0.007 0.002 0.405 
142 Hie_Hie17    (0)    2 :  0.063 0.075 0.144 0.141 0.116 0.108 0.009 0.002 0.343 
143 Hie_Hie18    (0)    2 :  0.056 0.080 0.098 0.148 0.120 0.117 0.007 0.002 0.373 
144 Hie_Hie19    (0)    2 :  0.067 0.080 0.110 0.148 0.121 0.117 0.008 0.002 0.348 
145 Hie_Hie20    (0)    2 :  0.060 0.081 0.100 0.149 0.122 0.120 0.009 0.002 0.357 
146 Hie_Hie21    (0)    2 :  0.078 0.080 0.093 0.148 0.121 0.117 0.008 0.002 0.355 
147 Hie_Hie22    (0)    2 :  0.061 0.079 0.097 0.147 0.118 0.114 0.008 0.002 0.375 
148 Hie_Hie23    (0)    2 :  0.052 0.081 0.090 0.148 0.121 0.118 0.007 0.002 0.381 
149 Hie_Hie24    (0)    2 :  0.062 0.079 0.092 0.147 0.119 0.115 0.007 0.002 0.377 
150 Hie_Hie25    (0)    2 :  0.058 0.075 0.111 0.141 0.114 0.106 0.007 0.002 0.385 
151 Hie_Hie26    (0)    2 :  0.059 0.079 0.084 0.147 0.118 0.115 0.007 0.002 0.389 
152 Hie_Hie27    (0)    2 :  0.067 0.081 0.097 0.149 0.122 0.119 0.007 0.002 0.356 
153 Hie_Hie28    (0)    2 :  0.059 0.080 0.102 0.148 0.119 0.117 0.010 0.002 0.363 
154 Hie_Hie29    (0)    2 :  0.063 0.079 0.103 0.145 0.118 0.113 0.012 0.002 0.365 
155 Hie_Hie30    (0)    2 :  0.060 0.082 0.088 0.149 0.123 0.119 0.008 0.002 0.369 
156 Hie_Hie31    (0)    2 :  0.055 0.076 0.098 0.143 0.116 0.109 0.008 0.002 0.393 
157 Hie_Hie32    (0)    2 :  0.058 0.079 0.089 0.148 0.119 0.115 0.008 0.002 0.382 
158 Hie_Hie33    (0)    2 :  0.064 0.078 0.099 0.144 0.117 0.112 0.008 0.002 0.376 
159 Hie_Hie34    (0)    2 :  0.060 0.079 0.105 0.146 0.118 0.114 0.008 0.002 0.368 
160 Hie_Hie35    (0)    2 :  0.071 0.079 0.090 0.145 0.118 0.113 0.007 0.002 0.374 
161 Hie_Hie36    (0)    2 :  0.068 0.077 0.091 0.142 0.116 0.108 0.007 0.002 0.389 
162 Hie_Hie37    (0)    2 :  0.060 0.078 0.100 0.144 0.117 0.111 0.008 0.002 0.380 
163 Hie_Hie38    (0)    2 :  0.062 0.079 0.089 0.146 0.118 0.114 0.009 0.002 0.380 
164 Hie_Hie39    (0)    2 :  0.060 0.080 0.105 0.148 0.120 0.116 0.007 0.002 0.362 
165 Hie_Hie40    (0)    2 :  0.056 0.079 0.098 0.146 0.118 0.114 0.007 0.002 0.379 
166 Hie_Hie41    (0)    2 :  0.058 0.082 0.091 0.149 0.122 0.119 0.008 0.003 0.366 
167 Hie_Hie42    (0)    2 :  0.069 0.078 0.135 0.144 0.119 0.113 0.011 0.003 0.329 
168 Hie_Hie43    (0)    2 :  0.063 0.080 0.108 0.147 0.120 0.117 0.012 0.002 0.351 
169 Hie_Hie44    (0)    2 :  0.067 0.081 0.082 0.149 0.123 0.121 0.006 0.002 0.369 
170 Hie_Hie45    (0)    2 :  0.070 0.075 0.120 0.140 0.115 0.107 0.008 0.002 0.363 
171 Hie_Hie46    (0)    2 :  0.061 0.078 0.096 0.144 0.116 0.111 0.008 0.002 0.383 
172 Hie_Hie47    (0)    2 :  0.061 0.080 0.087 0.148 0.120 0.117 0.007 0.002 0.380 
173 Hie_Hie48    (0)    2 :  0.062 0.077 0.101 0.144 0.117 0.111 0.007 0.002 0.379 
174 Hie_Hie49    (0)    2 :  0.051 0.082 0.097 0.151 0.122 0.119 0.006 0.002 0.370 
175 Lar_Lar1    (0)    2 :  0.058 0.080 0.086 0.148 0.119 0.116 0.007 0.002 0.384 
176 Lar_Lar2    (0)    2 :  0.057 0.080 0.090 0.147 0.120 0.116 0.008 0.002 0.379 
177 Lar_Lar3    (0)    2 :  0.067 0.076 0.107 0.142 0.116 0.109 0.010 0.002 0.370 
178 Lar_Lar4    (0)    2 :  0.063 0.077 0.101 0.143 0.116 0.110 0.008 0.002 0.379 
179 Lar_Lar5    (0)    2 :  0.059 0.078 0.098 0.145 0.117 0.112 0.007 0.002 0.381 
180 Lar_Lar6    (0)    2 :  0.058 0.081 0.090 0.149 0.121 0.119 0.008 0.002 0.373 
181 Lar_Lar7    (0)    2 :  0.065 0.079 0.120 0.145 0.120 0.115 0.008 0.002 0.347 
182 Lar_Lar8    (0)    2 :  0.058 0.076 0.116 0.141 0.115 0.107 0.007 0.002 0.378 
183 Lar_Lar10    (0)    2 :  0.064 0.079 0.100 0.147 0.119 0.114 0.008 0.002 0.366 
184 Lar_Lar11    (0)    2 :  0.056 0.079 0.101 0.147 0.119 0.115 0.009 0.002 0.371 
185 Lar_Lar12    (0)    2 :  0.061 0.079 0.115 0.146 0.120 0.115 0.008 0.002 0.355 
186 Lar_Lar14    (0)    2 :  0.061 0.082 0.096 0.151 0.124 0.121 0.007 0.002 0.355 
187 Lar_Lar15    (0)    2 :  0.056 0.078 0.098 0.145 0.118 0.112 0.008 0.002 0.383 
188 Lar_Lar16    (0)    2 :  0.056 0.076 0.098 0.142 0.115 0.109 0.008 0.002 0.394 
189 Lar_Lar17    (0)    2 :  0.063 0.079 0.120 0.146 0.120 0.116 0.007 0.002 0.348 
190 Lar_Lar18    (0)    2 :  0.067 0.079 0.096 0.147 0.118 0.114 0.008 0.002 0.371 
191 Lar_Lar19    (0)    2 :  0.060 0.077 0.095 0.145 0.116 0.111 0.008 0.002 0.385 
192 Lar_Lar20    (0)    2 :  0.058 0.080 0.119 0.146 0.120 0.115 0.011 0.002 0.350 
193 Lar_Lar21    (0)    2 :  0.058 0.078 0.079 0.145 0.118 0.111 0.007 0.002 0.401 
194 Lar_Lar22    (0)    2 :  0.059 0.080 0.103 0.149 0.120 0.116 0.007 0.002 0.363 
195 Lar_Lar23    (0)    2 :  0.056 0.077 0.090 0.143 0.116 0.110 0.007 0.002 0.399 
196 Lar_Lar24    (0)    2 :  0.056 0.077 0.109 0.144 0.116 0.110 0.007 0.002 0.379 
197 Lar_Lar25    (0)    2 :  0.063 0.081 0.097 0.148 0.122 0.118 0.010 0.002 0.359 
198 Lar_Lar26    (0)    2 :  0.062 0.079 0.098 0.146 0.119 0.115 0.009 0.002 0.370 
199 Lar_Lar27    (0)    2 :  0.054 0.079 0.113 0.145 0.118 0.113 0.007 0.003 0.368 
200 Lar_Lar28    (0)    2 :  0.057 0.077 0.091 0.143 0.116 0.109 0.009 0.002 0.396 
201 Lar_Lar29    (0)    2 :  0.060 0.081 0.085 0.150 0.121 0.119 0.008 0.002 0.374 
202 Lar_Lar30    (0)    2 :  0.072 0.078 0.096 0.144 0.118 0.112 0.008 0.002 0.370 
203 Lar_Lar31    (0)    2 :  0.060 0.081 0.095 0.149 0.121 0.119 0.008 0.002 0.365 
204 Lar_Lar32    (0)    2 :  0.069 0.077 0.107 0.143 0.117 0.111 0.007 0.002 0.368 
205 Lar_Lar33    (0)    2 :  0.063 0.076 0.104 0.141 0.114 0.107 0.010 0.002 0.385 
206 Lar_Lar34    (0)    2 :  0.061 0.075 0.117 0.141 0.115 0.107 0.006 0.002 0.375 
207 Lar_Lar35    (0)    2 :  0.063 0.079 0.088 0.148 0.118 0.115 0.007 0.002 0.380 
208 Lar_Lar36    (0)    2 :  0.060 0.079 0.109 0.146 0.119 0.115 0.014 0.002 0.355 
209 Lar_Lar37    (0)    2 :  0.057 0.080 0.099 0.149 0.121 0.117 0.007 0.002 0.369 
210 Lar_Lar38    (0)    2 :  0.059 0.082 0.090 0.150 0.121 0.118 0.007 0.002 0.371 
211 Lar_Lar39    (0)    2 :  0.061 0.082 0.105 0.150 0.123 0.121 0.008 0.002 0.346 
212 Lar_Lar40    (0)    2 :  0.070 0.076 0.093 0.142 0.116 0.109 0.007 0.002 0.385 
213 Lar_Lar41    (0)    2 :  0.055 0.079 0.083 0.147 0.118 0.114 0.007 0.002 0.394 
214 Lar_Lar42    (0)    2 :  0.056 0.078 0.095 0.144 0.117 0.110 0.008 0.002 0.391 
215 Lar_Lar43    (0)    2 :  0.069 0.077 0.127 0.142 0.117 0.109 0.010 0.002 0.346 
216 Lar_Lar44    (0)    2 :  0.058 0.081 0.108 0.147 0.123 0.119 0.009 0.002 0.352 
217 Lar_Lar45    (0)    2 :  0.062 0.079 0.098 0.147 0.119 0.115 0.007 0.002 0.372 
218 Lar_Lar46    (0)    2 :  0.055 0.075 0.084 0.141 0.113 0.105 0.007 0.002 0.419 
219 Lar_Lar47    (0)    2 :  0.062 0.082 0.090 0.150 0.122 0.119 0.008 0.002 0.365 
220 Lar_Lar48    (0)    2 :  0.073 0.078 0.097 0.144 0.118 0.113 0.007 0.002 0.369 
221 Lar_Lar49    (0)    2 :  0.056 0.078 0.114 0.145 0.118 0.113 0.010 0.002 0.365 
222 Lar_Lar50    (0)    2 :  0.055 0.081 0.088 0.149 0.120 0.117 0.007 0.002 0.382 
223 Lar_Lar51    (0)    2 :  0.062 0.077 0.106 0.144 0.116 0.111 0.007 0.002 0.375 
224 Lar_Lar52    (0)    2 :  0.053 0.080 0.099 0.147 0.121 0.116 0.007 0.002 0.376 
225 Lar_Lar53    (0)    2 :  0.051 0.080 0.081 0.148 0.119 0.114 0.007 0.002 0.399 
226 Mara_Mara1    (0)    2 :  0.059 0.082 0.089 0.150 0.122 0.120 0.008 0.002 0.369 
227 Mara_Mara2    (0)    2 :  0.057 0.080 0.093 0.147 0.120 0.116 0.007 0.002 0.378 
228 Mara_Mara3    (0)    2 :  0.066 0.076 0.094 0.143 0.115 0.109 0.007 0.002 0.388 
229 Mara_Mara4    (0)    2 :  0.057 0.081 0.096 0.150 0.122 0.119 0.009 0.002 0.363 
230 Mara_Mara5    (0)    2 :  0.056 0.080 0.089 0.149 0.120 0.117 0.007 0.002 0.378 
231 Mara_Mara6    (0)    2 :  0.057 0.082 0.093 0.150 0.122 0.120 0.008 0.002 0.367 
232 Mara_Mara7    (0)    2 :  0.060 0.083 0.092 0.150 0.124 0.120 0.008 0.003 0.361 
233 Mara_Mara8    (0)    2 :  0.060 0.076 0.107 0.142 0.115 0.108 0.007 0.002 0.383 
234 Mara_Mara9    (0)    2 :  0.061 0.076 0.086 0.144 0.115 0.108 0.006 0.002 0.401 
235 Mara_Mara1_    (0)    2 :  0.075 0.079 0.105 0.147 0.118 0.114 0.011 0.002 0.349 
236 Mara_Mara1_    (0)    2 :  0.062 0.080 0.106 0.147 0.120 0.116 0.009 0.002 0.359 
237 Mara_Mara1_    (0)    2 :  0.061 0.079 0.100 0.148 0.119 0.116 0.008 0.002 0.366 
238 Mara_Mara1_    (0)    2 :  0.057 0.083 0.089 0.151 0.123 0.122 0.009 0.002 0.364 
239 Mara_Mara1_    (0)    2 :  0.061 0.081 0.096 0.148 0.121 0.118 0.016 0.002 0.357 
240 Mara_Mara1_    (0)    2 :  0.062 0.078 0.105 0.145 0.118 0.113 0.008 0.002 0.369 
241 Mara_Mara1_    (0)    2 :  0.061 0.080 0.109 0.148 0.121 0.116 0.008 0.002 0.355 
242 Mara_Mara1_    (0)    2 :  0.068 0.081 0.095 0.148 0.121 0.117 0.008 0.002 0.361 
243 Mara_Mara1_    (0)    2 :  0.057 0.077 0.099 0.143 0.116 0.110 0.008 0.002 0.389 
244 Mara_Mara1_    (0)    2 :  0.057 0.078 0.104 0.144 0.117 0.112 0.007 0.002 0.378 
245 Mara_Mara2_    (0)    2 :  0.065 0.078 0.102 0.145 0.117 0.112 0.008 0.002 0.371 
246 Mara_Mara2_    (0)    2 :  0.063 0.080 0.106 0.147 0.121 0.117 0.010 0.002 0.354 
247 Mara_Mara2_    (0)    2 :  0.054 0.078 0.090 0.145 0.117 0.112 0.007 0.002 0.395 
248 Mara_Mara2_    (0)    2 :  0.058 0.079 0.092 0.147 0.118 0.115 0.007 0.002 0.382 
249 Mara_Mara2_    (0)    2 :  0.062 0.076 0.088 0.143 0.115 0.109 0.008 0.002 0.398 
250 Mara_Mara2_    (0)    2 :  0.063 0.077 0.110 0.144 0.117 0.111 0.007 0.002 0.370 
251 Mara_Mara2_    (0)    2 :  0.056 0.081 0.092 0.150 0.122 0.119 0.007 0.002 0.371 
252 Mara_Mara2_    (0)    2 :  0.059 0.081 0.102 0.149 0.120 0.116 0.007 0.002 0.363 
253 Mara_Mara2_    (0)    2 :  0.056 0.078 0.099 0.144 0.118 0.112 0.012 0.002 0.379 
254 Mara_Mara2_    (0)    2 :  0.063 0.080 0.113 0.147 0.120 0.116 0.010 0.002 0.348 
255 Mara_Mara3_    (0)    2 :  0.059 0.083 0.112 0.150 0.125 0.122 0.014 0.003 0.333 
256 Mara_Mara3_    (0)    2 :  0.059 0.079 0.123 0.146 0.120 0.115 0.008 0.002 0.347 
257 Mara_Mara3_    (0)    2 :  0.055 0.080 0.097 0.148 0.121 0.117 0.007 0.002 0.372 
258 Mara_Mara3_    (0)    2 :  0.056 0.079 0.103 0.147 0.119 0.115 0.008 0.002 0.370 
259 Mara_Mara3_    (0)    2 :  0.061 0.078 0.100 0.145 0.118 0.114 0.010 0.002 0.372 
260 Mara_Mara3_    (0)    2 :  0.066 0.080 0.094 0.147 0.119 0.116 0.009 0.002 0.367 
261 Mara_Mara3_    (0)    2 :  0.058 0.078 0.103 0.143 0.117 0.111 0.009 0.002 0.378 
262 Mara_Mara3_    (0)    2 :  0.062 0.079 0.103 0.145 0.119 0.113 0.007 0.002 0.370 
263 Mara_Mara3_    (0)    2 :  0.052 0.075 0.098 0.140 0.113 0.105 0.006 0.002 0.409 
264 Mara_Mara3_    (0)    2 :  0.058 0.076 0.108 0.142 0.115 0.108 0.007 0.002 0.384 
265 Mara_Mara4_    (0)    2 :  0.067 0.076 0.127 0.142 0.117 0.110 0.008 0.002 0.351 
266 Mara_Mara4_    (0)    2 :  0.061 0.080 0.087 0.148 0.119 0.116 0.007 0.002 0.379 
267 Mara_Mara4_    (0)    2 :  0.063 0.077 0.101 0.145 0.117 0.111 0.007 0.002 0.377 
268 Mara_Mara4_    (0)    2 :  0.056 0.079 0.094 0.147 0.118 0.114 0.008 0.002 0.383 
269 Mara_Mara4_    (0)    2 :  0.057 0.078 0.096 0.144 0.117 0.111 0.007 0.002 0.387 
270 Mara_Mara4_    (0)    2 :  0.062 0.081 0.086 0.149 0.122 0.120 0.007 0.002 0.372 
271 Mara_Mara4_    (0)    2 :  0.059 0.076 0.115 0.143 0.116 0.108 0.007 0.002 0.374 
272 Mara_Mara4_    (0)    2 :  0.066 0.077 0.098 0.143 0.116 0.110 0.007 0.002 0.380 
273 Mara_Mara4_    (0)    2 :  0.056 0.081 0.084 0.147 0.121 0.117 0.010 0.002 0.382 
274 Mara_Mara4_    (0)    2 :  0.059 0.078 0.093 0.146 0.117 0.112 0.007 0.002 0.385 
275 Mara_Mara5_    (0)    2 :  0.061 0.077 0.093 0.143 0.116 0.109 0.008 0.002 0.392 
276 Mara_Mara5_    (0)    2 :  0.056 0.081 0.091 0.149 0.120 0.117 0.008 0.002 0.375 
277 Mara_Mara5_    (0)    2 :  0.059 0.079 0.120 0.145 0.119 0.114 0.010 0.002 0.352 
278 MBO_MBO1    (0)    2 :  0.069 0.079 0.108 0.145 0.120 0.116 0.007 0.002 0.352 
279 MBO_MBO2    (0)    2 :  0.058 0.077 0.124 0.143 0.116 0.110 0.008 0.002 0.361 
280 MBO_MBO3    (0)    2 :  0.060 0.078 0.090 0.145 0.118 0.114 0.006 0.002 0.387 
281 MBO_MBO4    (0)    2 :  0.055 0.076 0.114 0.142 0.115 0.108 0.007 0.003 0.380 
282 MBO_MBO6    (0)    2 :  0.060 0.078 0.109 0.145 0.118 0.113 0.007 0.002 0.368 
283 MBO_MBO7    (0)    2 :  0.054 0.079 0.085 0.147 0.118 0.113 0.008 0.002 0.395 
284 MBO_MBO8    (0)    2 :  0.068 0.079 0.117 0.146 0.119 0.114 0.007 0.002 0.347 
285 MBO_MBO9    (0)    2 :  0.075 0.078 0.110 0.144 0.118 0.113 0.008 0.002 0.352 
286 MBO_MBO10    (0)    2 :  0.060 0.080 0.100 0.149 0.120 0.116 0.007 0.002 0.366 
287 MBO_MBO11    (0)    2 :  0.052 0.085 0.095 0.152 0.127 0.124 0.007 0.002 0.355 
288 MBO_MBO12    (0)    2 :  0.053 0.085 0.086 0.153 0.126 0.125 0.007 0.002 0.362 
289 MBO_MBO13    (0)    2 :  0.059 0.081 0.092 0.150 0.121 0.119 0.007 0.002 0.369 
290 MBO_MBO14    (0)    2 :  0.055 0.077 0.097 0.143 0.116 0.110 0.008 0.002 0.393 
291 MBO_MBO15    (0)    2 :  0.067 0.078 0.103 0.146 0.118 0.114 0.008 0.002 0.365 
292 MBO_MBO16    (0)    2 :  0.061 0.081 0.095 0.149 0.121 0.118 0.006 0.002 0.368 
293 MBO_MBO17    (0)    2 :  0.069 0.080 0.090 0.146 0.120 0.115 0.008 0.002 0.370 
294 MBO_MBO18    (0)    2 :  0.062 0.080 0.115 0.146 0.121 0.116 0.008 0.002 0.350 
295 MBO_MBO19    (0)    2 :  0.067 0.082 0.099 0.149 0.123 0.119 0.007 0.002 0.351 
296 MBO_MBO20    (0)    2 :  0.056 0.078 0.099 0.145 0.117 0.112 0.010 0.002 0.380 
297 MBO_MBO21    (0)    2 :  0.056 0.080 0.094 0.149 0.119 0.116 0.007 0.002 0.377 
298 MBO_MBO22    (0)    2 :  0.058 0.079 0.093 0.147 0.118 0.115 0.008 0.002 0.380 
299 MBO_MBO23    (0)    2 :  0.056 0.077 0.101 0.143 0.116 0.110 0.008 0.002 0.387 
300 MBO_MBO24    (0)    2 :  0.056 0.080 0.090 0.147 0.120 0.115 0.008 0.002 0.383 
301 MBO_MBO25    (0)    2 :  0.060 0.079 0.089 0.147 0.118 0.113 0.007 0.002 0.385 
302 MBO_MBO26    (0)    2 :  0.053 0.080 0.104 0.148 0.119 0.115 0.007 0.002 0.373 
303 MBO_MBO27    (0)    2 :  0.059 0.078 0.101 0.145 0.118 0.112 0.008 0.002 0.377 
304 MBO_MBO28    (0)    2 :  0.057 0.080 0.094 0.148 0.122 0.118 0.010 0.002 0.370 
305 MBO_MBO29    (0)    2 :  0.060 0.080 0.099 0.149 0.121 0.118 0.010 0.002 0.362 
306 MBO_MBO30    (0)    2 :  0.059 0.079 0.090 0.145 0.119 0.114 0.008 0.003 0.383 
307 MBO_MBO31    (0)    2 :  0.058 0.080 0.115 0.147 0.120 0.116 0.007 0.003 0.355 
308 MBO_MBO32    (0)    2 :  0.057 0.081 0.090 0.150 0.122 0.120 0.008 0.002 0.369 
309 MBO_MBO33    (0)    2 :  0.071 0.081 0.099 0.149 0.121 0.120 0.008 0.002 0.349 
310 MBO_MBO34    (0)    2 :  0.062 0.077 0.091 0.143 0.116 0.109 0.008 0.002 0.391 
311 MBO_MBO35    (0)    2 :  0.056 0.084 0.091 0.155 0.125 0.123 0.006 0.002 0.356 
312 MBO_MBO36    (0)    2 :  0.058 0.083 0.093 0.151 0.123 0.121 0.009 0.002 0.359 
313 MBO_MBO37    (0)    2 :  0.060 0.078 0.110 0.145 0.117 0.112 0.008 0.002 0.369 
314 MBO_MBO38    (0)    2 :  0.071 0.080 0.101 0.148 0.120 0.116 0.007 0.002 0.356 
315 MBO_MBO39    (0)    2 :  0.054 0.077 0.089 0.144 0.116 0.110 0.007 0.002 0.400 
316 MBO_MBO40    (0)    2 :  0.057 0.076 0.103 0.143 0.116 0.108 0.007 0.002 0.388 
317 MBO_MBO41    (0)    2 :  0.070 0.077 0.109 0.144 0.117 0.112 0.007 0.002 0.363 
318 MBO_MBO42    (0)    2 :  0.061 0.079 0.099 0.146 0.119 0.114 0.007 0.002 0.373 
319 MBO_MBO43    (0)    2 :  0.057 0.083 0.082 0.152 0.124 0.123 0.006 0.002 0.370 
320 MBO_MBO44    (0)    2 :  0.061 0.080 0.100 0.148 0.121 0.116 0.007 0.002 0.365 
321 MBO_MBO45    (0)    2 :  0.068 0.077 0.108 0.144 0.117 0.112 0.007 0.002 0.363 
322 MBO_MBO46    (0)    2 :  0.064 0.080 0.098 0.148 0.119 0.116 0.007 0.002 0.367 
323 MBO_MBO47    (0)    2 :  0.056 0.080 0.105 0.148 0.121 0.117 0.007 0.002 0.363 
324 MBO_MBO48    (0)    2 :  0.058 0.079 0.096 0.146 0.119 0.115 0.007 0.002 0.378 
325 MBO_MBO49    (0)    2 :  0.063 0.082 0.097 0.150 0.123 0.122 0.008 0.002 0.353 
326 MBO_MBO50    (0)    2 :  0.056 0.079 0.091 0.148 0.119 0.116 0.007 0.002 0.382 
327 MBO_MBO51    (0)    2 :  0.056 0.081 0.085 0.149 0.121 0.118 0.008 0.002 0.380 
328 QBW_QBW1    (0)    2 :  0.072 0.077 0.090 0.143 0.116 0.109 0.007 0.002 0.383 
329 QBW_QBW2    (0)    2 :  0.062 0.079 0.084 0.147 0.117 0.113 0.007 0.002 0.390 
330 QBW_QBW3    (0)    2 :  0.055 0.077 0.105 0.143 0.116 0.111 0.007 0.002 0.385 
331 QBW_QBW4    (0)    2 :  0.068 0.077 0.126 0.144 0.117 0.112 0.009 0.002 0.347 
332 QBW_QBW5    (0)    2 :  0.056 0.080 0.094 0.148 0.119 0.116 0.009 0.002 0.377 
333 QBW_QBW6    (0)    2 :  0.058 0.076 0.091 0.142 0.115 0.108 0.008 0.002 0.400 
334 QBW_QBW7    (0)    2 :  0.069 0.078 0.103 0.145 0.118 0.113 0.007 0.002 0.365 
335 QBW_QBW8    (0)    2 :  0.058 0.080 0.106 0.147 0.120 0.115 0.008 0.002 0.364 
336 QBW_QBW9    (0)    2 :  0.058 0.083 0.104 0.152 0.124 0.121 0.012 0.002 0.344 
337 QBW_QBW10    (0)    2 :  0.058 0.078 0.104 0.146 0.118 0.113 0.008 0.002 0.372 
338 QBW_QBW11    (0)    2 :  0.061 0.079 0.098 0.146 0.120 0.116 0.007 0.002 0.371 
339 QBW_QBW12    (0)    2 :  0.058 0.078 0.117 0.145 0.117 0.114 0.007 0.002 0.362 
340 QBW_QBW13    (0)    2 :  0.057 0.079 0.100 0.146 0.119 0.115 0.008 0.002 0.374 
341 QBW_QBW14    (0)    2 :  0.057 0.080 0.091 0.148 0.119 0.116 0.007 0.002 0.379 
342 QBW_QBW15    (0)    2 :  0.064 0.077 0.101 0.143 0.117 0.111 0.008 0.002 0.376 
343 QBW_QBW16    (0)    2 :  0.067 0.079 0.104 0.146 0.119 0.115 0.008 0.002 0.359 
344 QBW_QBW17    (0)    2 :  0.063 0.076 0.113 0.141 0.115 0.108 0.008 0.002 0.376 
345 QBW_QBW18    (0)    2 :  0.064 0.079 0.094 0.146 0.119 0.115 0.007 0.002 0.374 
346 QBW_QBW19    (0)    2 :  0.057 0.080 0.084 0.149 0.120 0.118 0.007 0.002 0.384 
347 QBW_QBW20    (0)    2 :  0.061 0.079 0.088 0.147 0.119 0.115 0.007 0.002 0.382 
348 QBW_QBW21    (0)    2 :  0.056 0.077 0.109 0.145 0.117 0.112 0.007 0.002 0.375 
349 QBW_QBW22    (0)    2 :  0.058 0.078 0.102 0.144 0.117 0.111 0.008 0.002 0.380 
350 QBW_QBW23    (0)    2 :  0.055 0.081 0.096 0.150 0.122 0.120 0.007 0.002 0.368 
351 QBW_QBW24    (0)    2 :  0.052 0.079 0.091 0.147 0.118 0.114 0.007 0.002 0.389 
352 QBW_QBW25    (0)    2 :  0.064 0.080 0.094 0.148 0.120 0.117 0.009 0.002 0.365 
353 QBW_QBW26    (0)    2 :  0.060 0.078 0.100 0.145 0.118 0.113 0.008 0.002 0.376 
354 QBW_QBW27    (0)    2 :  0.055 0.077 0.094 0.145 0.116 0.110 0.007 0.002 0.392 
355 QBW_QBW28    (0)    2 :  0.057 0.081 0.098 0.148 0.123 0.120 0.007 0.002 0.365 
356 QBW_QBW29    (0)    2 :  0.062 0.080 0.103 0.150 0.119 0.116 0.007 0.002 0.361 
357 QBW_QBW30    (0)    2 :  0.059 0.080 0.095 0.148 0.120 0.117 0.007 0.002 0.372 
358 QBW_QBW31    (0)    2 :  0.074 0.076 0.095 0.141 0.114 0.108 0.007 0.002 0.384 
359 QBW_QBW32    (0)    2 :  0.067 0.079 0.104 0.146 0.119 0.115 0.008 0.002 0.360 
360 QBW_QBW33    (0)    2 :  0.063 0.076 0.113 0.141 0.115 0.107 0.008 0.002 0.376 
361 QBW_QBW34    (0)    2 :  0.064 0.080 0.094 0.147 0.120 0.116 0.007 0.002 0.370 
362 QBW_QBW35    (0)    2 :  0.057 0.080 0.084 0.149 0.120 0.118 0.007 0.002 0.385 
363 QBW_QBW36    (0)    2 :  0.061 0.079 0.088 0.147 0.119 0.115 0.007 0.002 0.382 
364 QBW_QBW37    (0)    2 :  0.056 0.082 0.091 0.150 0.123 0.122 0.009 0.002 0.366 
365 QBW_QBW38    (0)    2 :  0.058 0.078 0.098 0.144 0.117 0.112 0.009 0.002 0.383 
366 QBW_QBW39    (0)    2 :  0.062 0.077 0.097 0.143 0.117 0.111 0.007 0.002 0.382 
367 QBW_QBW40    (0)    2 :  0.056 0.080 0.095 0.148 0.120 0.117 0.008 0.002 0.374 
368 QBW_QBW41    (0)    2 :  0.053 0.080 0.105 0.147 0.119 0.115 0.010 0.002 0.369 
369 QBW_QBW42    (0)    2 :  0.066 0.081 0.100 0.151 0.122 0.121 0.007 0.002 0.351 
370 QBW_QBW43    (0)    2 :  0.057 0.084 0.088 0.152 0.125 0.124 0.014 0.002 0.354 
371 QBW_QBW44    (0)    2 :  0.059 0.082 0.091 0.150 0.122 0.119 0.009 0.002 0.365 
372 QBW_QBW45    (0)    2 :  0.066 0.082 0.091 0.149 0.122 0.120 0.011 0.002 0.357 
373 QBW_QBW46    (0)    2 :  0.062 0.078 0.089 0.145 0.118 0.113 0.007 0.002 0.386 
374 QBW_QBW47    (0)    2 :  0.067 0.083 0.094 0.151 0.125 0.122 0.008 0.002 0.348 
375 QBW_QBW48    (0)    2 :  0.058 0.078 0.092 0.144 0.117 0.110 0.007 0.002 0.392 
376 QBW_QBW49    (0)    2 :  0.054 0.078 0.113 0.144 0.118 0.113 0.009 0.002 0.367 
377 QBW_QBW50    (0)    2 :  0.066 0.078 0.107 0.146 0.118 0.115 0.007 0.002 0.361 
378 QBW_QBW51    (0)    2 :  0.070 0.075 0.135 0.141 0.115 0.107 0.008 0.002 0.348 
379 QBW_QBW52    (0)    2 :  0.060 0.080 0.087 0.148 0.119 0.115 0.007 0.002 0.383 
380 QBW_QBW53    (0)    2 :  0.067 0.081 0.103 0.149 0.122 0.120 0.007 0.002 0.350 
381 QBW_QBW54    (0)    2 :  0.059 0.075 0.099 0.140 0.114 0.106 0.008 0.002 0.397 
382 Ten_Ten1    (0)    2 :  0.057 0.082 0.085 0.150 0.122 0.120 0.009 0.002 0.372 
383 Ten_Ten2    (0)    2 :  0.054 0.077 0.094 0.145 0.116 0.111 0.007 0.002 0.395 
384 Ten_Ten3    (0)    2 :  0.059 0.081 0.093 0.150 0.122 0.119 0.009 0.002 0.364 
385 Ten_Ten4    (0)    2 :  0.066 0.080 0.102 0.149 0.121 0.119 0.007 0.002 0.355 
386 Ten_Ten5    (0)    2 :  0.063 0.077 0.086 0.143 0.115 0.109 0.007 0.002 0.398 
387 Ten_Ten6    (0)    2 :  0.055 0.076 0.087 0.142 0.114 0.106 0.007 0.002 0.410 
388 Ten_Ten7    (0)    2 :  0.059 0.079 0.138 0.146 0.120 0.115 0.010 0.002 0.331 
389 Ten_Ten8    (0)    2 :  0.063 0.079 0.096 0.146 0.119 0.114 0.007 0.003 0.372 
390 Ten_Ten9    (0)    2 :  0.061 0.077 0.103 0.142 0.115 0.109 0.008 0.002 0.382 
391 Ten_Ten10    (0)    2 :  0.061 0.077 0.109 0.144 0.116 0.111 0.008 0.002 0.373 
392 Ten_Ten11    (0)    2 :  0.060 0.080 0.092 0.148 0.120 0.116 0.010 0.002 0.372 
393 Ten_Ten12    (0)    2 :  0.060 0.079 0.102 0.146 0.118 0.115 0.008 0.002 0.370 
394 Ten_Ten13    (0)    2 :  0.066 0.078 0.094 0.145 0.118 0.113 0.010 0.002 0.374 
395 Ten_Ten14    (0)    2 :  0.061 0.078 0.107 0.145 0.118 0.113 0.007 0.002 0.368 
396 Ten_Ten15    (0)    2 :  0.061 0.075 0.114 0.140 0.114 0.105 0.007 0.002 0.381 
397 Ten_Ten16    (0)    2 :  0.054 0.078 0.090 0.145 0.117 0.111 0.007 0.002 0.396 
398 Ten_Ten17    (0)    2 :  0.072 0.079 0.103 0.147 0.120 0.115 0.007 0.002 0.356 
399 Ten_Ten18    (0)    2 :  0.056 0.078 0.103 0.145 0.118 0.114 0.009 0.002 0.374 
400 Ten_Ten19    (0)    2 :  0.069 0.079 0.096 0.147 0.119 0.116 0.008 0.002 0.365 
401 Ten_Ten20    (0)    2 :  0.060 0.077 0.101 0.144 0.116 0.111 0.007 0.002 0.383 
402 Ten_Ten21    (0)    2 :  0.062 0.080 0.109 0.147 0.120 0.116 0.007 0.002 0.357 
403 Ten_Ten22    (0)    2 :  0.067 0.078 0.085 0.146 0.117 0.113 0.007 0.002 0.386 
404 Ten_Ten23    (0)    2 :  0.063 0.077 0.118 0.143 0.117 0.111 0.007 0.002 0.362 
405 Ten_Ten24    (0)    2 :  0.056 0.077 0.109 0.145 0.117 0.111 0.008 0.002 0.375 
406 Ten_Ten25    (0)    2 :  0.057 0.079 0.097 0.146 0.119 0.114 0.009 0.002 0.377 
407 Ten_Ten26    (0)    2 :  0.066 0.078 0.109 0.145 0.117 0.113 0.007 0.002 0.363 
408 Ten_Ten27    (0)    2 :  0.069 0.079 0.095 0.145 0.118 0.114 0.007 0.002 0.370 
409 Ten_Ten28    (0)    2 :  0.057 0.079 0.120 0.145 0.120 0.114 0.008 0.002 0.356 
410 Ten_Ten29    (0)    2 :  0.055 0.078 0.088 0.145 0.117 0.112 0.007 0.002 0.397 
411 Ten_Ten30    (0)    2 :  0.056 0.078 0.088 0.144 0.117 0.111 0.007 0.002 0.398 
412 Ten_Ten31    (0)    2 :  0.068 0.080 0.107 0.147 0.121 0.117 0.008 0.002 0.351 
413 Ten_Ten32    (0)    2 :  0.060 0.077 0.096 0.144 0.117 0.111 0.007 0.002 0.385 
414 Ten_Ten33    (0)    2 :  0.063 0.081 0.112 0.149 0.122 0.119 0.008 0.002 0.344 
415 Ten_Ten34    (0)    2 :  0.060 0.084 0.083 0.155 0.125 0.126 0.007 0.002 0.360 
416 Ten_Ten35    (0)    2 :  0.071 0.082 0.085 0.150 0.122 0.119 0.007 0.002 0.363 
417 Ten_Ten36    (0)    2 :  0.062 0.082 0.107 0.150 0.123 0.120 0.009 0.002 0.346 
418 Ten_Ten37    (0)    2 :  0.057 0.081 0.081 0.150 0.121 0.117 0.007 0.002 0.385 
419 Ten_Ten38    (0)    2 :  0.054 0.080 0.091 0.149 0.119 0.116 0.008 0.002 0.379 
420 Ten_Ten39    (0)    2 :  0.058 0.078 0.098 0.144 0.117 0.111 0.010 0.002 0.382 
421 Ten_Ten40    (0)    2 :  0.058 0.076 0.097 0.142 0.115 0.108 0.007 0.002 0.395 
422 Ten_Ten41    (0)    2 :  0.058 0.078 0.097 0.145 0.117 0.112 0.007 0.002 0.385 
423 Ten_Ten42    (0)    2 :  0.065 0.079 0.104 0.146 0.120 0.114 0.013 0.002 0.357 
424 Ten_Ten43    (0)    2 :  0.060 0.081 0.085 0.149 0.120 0.118 0.007 0.002 0.377 
425 Ten_Ten44    (0)    2 :  0.056 0.079 0.096 0.146 0.119 0.114 0.011 0.002 0.377 
426 Ten_Ten45    (0)    2 :  0.053 0.076 0.091 0.143 0.115 0.107 0.007 0.002 0.407 
427 Ten_Ten46    (0)    2 :  0.066 0.078 0.103 0.145 0.118 0.113 0.007 0.002 0.368 
428 Ten_Ten47    (0)    2 :  0.074 0.081 0.096 0.150 0.121 0.118 0.006 0.002 0.351 
429 Ten_Ten48    (0)    2 :  0.056 0.077 0.098 0.144 0.116 0.111 0.009 0.002 0.387 
