

----------------------------------------------------
STRUCTURE by Pritchard, Stephens and Donnelly (2000)
     and Falush, Stephens and Pritchard (2003)
       Code by Pritchard, Falush and Hubisz
             Version 2.3.4 (Jul 2012)
----------------------------------------------------



Command line arguments:   /opt/anaconda3/bin/structure -K 4 -i /data/home/edc5240/Daruanus/Daruanus_All_8locus_stru.txt -o /data/home/edc5240/Daruanus/output/str_K4_rep2 -D 5948592 -m /data/home/edc5240/Daruanus/mainparams -e /data/home/edc5240/Daruanus/extraparams 
Input File:    /data/home/edc5240/Daruanus/Daruanus_All_8locus_stru.txt

Run parameters:
   1358 individuals
   8 loci
   4 populations assumed
   250000 Burn-in period
   1000000 Reps
LOCPRIOR model used
RANDOMIZE turned off


--------------------------------------------
Proportion of membership of each pre-defined
 population in each of the 4 clusters

Given    Inferred Clusters              Number of
 Pop       1      2      3      4      Individuals

  1:     0.690  0.292  0.012  0.006       72
  2:     0.007  0.870  0.108  0.016      414
  3:     0.006  0.083  0.804  0.107      358
  4:     0.007  0.011  0.111  0.872      441
  5:     0.004  0.012  0.088  0.895       73
--------------------------------------------

Allele-freq. divergence among pops (Net nucleotide distance),
computed using point estimates of P.

      1       2       3       4      
 1      -    0.0102  0.0437  0.0507  
 2   0.0102     -    0.0321  0.0398  
 3   0.0437  0.0321     -    0.0384  
 4   0.0507  0.0398  0.0384     -    

Average distances (expected heterozygosity) between individuals in same cluster:
cluster  1  : 0.8917 
cluster  2  : 0.9068 
cluster  3  : 0.8198 
cluster  4  : 0.8337 

--------------------------------------------
Estimated Ln Prob of Data   = -55488.4
Mean value of ln likelihood = -54882.4
Variance of ln likelihood   = 1212.0
Mean value of alpha         = 3.4398

Mean value of alpha_local for each location:
	location  1:  9.7822  4.2476  0.1783  0.0960
	location  2:  0.1110  13.6962  1.9591  0.2590
	location  3:  0.0948  1.3353  12.5744  1.7735
	location  4:  0.1553  0.2627  2.7509  21.1301
	location  5:  0.0776  0.2098  1.5398  14.9571

Mean value of Fst_1         = 0.0300
Mean value of Fst_2         = 0.0045
Mean value of Fst_3         = 0.0459
Mean value of Fst_4         = 0.0687

Mean value of r = 0.0887

Inferred ancestry of individuals:
        Label (%Miss) Pop:  Inferred clusters
  1 Lion_Lion1    (0)    1 :  0.749 0.236 0.009 0.006 
  2 Lion_Lion2    (0)    1 :  0.683 0.290 0.019 0.008 
  3 Lion_Lion3    (0)    1 :  0.722 0.256 0.014 0.008 
  4 Lion_Lion4    (0)    1 :  0.677 0.300 0.014 0.009 
  5 Lion_Lion5    (0)    1 :  0.723 0.263 0.009 0.005 
  6 Lion_Lion6    (0)    1 :  0.671 0.315 0.010 0.004 
  7 Lion_Lion7    (0)    1 :  0.676 0.308 0.011 0.006 
  8 Lion_Lion8    (0)    1 :  0.695 0.286 0.013 0.006 
  9 Lion_Lion9    (0)    1 :  0.718 0.252 0.018 0.012 
 10 Lion_Lion10    (0)    1 :  0.604 0.385 0.008 0.004 
 11 Lion_Lion11    (0)    1 :  0.707 0.275 0.013 0.006 
 12 Lion_Lion13    (0)    1 :  0.673 0.307 0.012 0.008 
 13 Lion_Lion14    (0)    1 :  0.726 0.257 0.010 0.008 
 14 Lion_Lion15    (0)    1 :  0.664 0.321 0.010 0.005 
 15 Lion_Lion16    (0)    1 :  0.675 0.312 0.009 0.004 
 16 Lion_Lion17    (0)    1 :  0.736 0.248 0.010 0.006 
 17 Lion_Lion18    (0)    1 :  0.707 0.279 0.010 0.004 
 18 Lion_Lion19    (0)    1 :  0.667 0.305 0.021 0.007 
 19 Lion_Lion20    (0)    1 :  0.620 0.356 0.017 0.007 
 20 Lion_Lion21    (0)    1 :  0.650 0.336 0.009 0.005 
 21 Lion_Lion22    (0)    1 :  0.752 0.236 0.008 0.004 
 22 Lion_Lion23    (0)    1 :  0.698 0.288 0.009 0.005 
 23 Lion_Lion24    (0)    1 :  0.661 0.315 0.020 0.005 
 24 Lion_Lion25    (0)    1 :  0.693 0.287 0.013 0.006 
 25 Lion_Lion26    (0)    1 :  0.703 0.281 0.010 0.006 
 26 Lion_Lion27    (0)    1 :  0.693 0.289 0.012 0.005 
 27 Lion_Lion28    (0)    1 :  0.721 0.263 0.010 0.006 
 28 Lion_Lion29    (0)    1 :  0.712 0.277 0.008 0.004 
 29 Lion_Lion30    (0)    1 :  0.638 0.339 0.014 0.009 
 30 Lion_Lion31    (0)    1 :  0.731 0.254 0.010 0.004 
 31 Lion_Lion32    (0)    1 :  0.768 0.221 0.007 0.004 
 32 Lion_Lion33    (0)    1 :  0.670 0.316 0.009 0.005 
 33 Lion_Lion34    (0)    1 :  0.734 0.251 0.008 0.007 
 34 Lion_Lion36    (0)    1 :  0.665 0.318 0.012 0.005 
 35 Lion_Lion38    (0)    1 :  0.697 0.289 0.010 0.004 
 36 Lion_Lion39    (0)    1 :  0.682 0.304 0.009 0.005 
 37 Lion_Lion40    (0)    1 :  0.728 0.254 0.014 0.005 
 38 Lion_Lion41    (0)    1 :  0.622 0.353 0.019 0.006 
 39 Lion_Lion42    (0)    1 :  0.657 0.327 0.012 0.004 
 40 Lion_Lion43    (0)    1 :  0.663 0.321 0.011 0.006 
 41 Lion_Lion44    (0)    1 :  0.673 0.305 0.018 0.005 
 42 Lion_Lion45    (0)    1 :  0.736 0.243 0.012 0.009 
 43 Lion_Lion46    (0)    1 :  0.728 0.247 0.015 0.010 
 44 Lion_Lion47    (0)    1 :  0.691 0.287 0.015 0.007 
 45 Lion_Lion48    (0)    1 :  0.650 0.334 0.012 0.005 
 46 Lion_Lion49    (0)    1 :  0.670 0.312 0.013 0.005 
 47 Lion_Lion50    (0)    1 :  0.628 0.353 0.013 0.005 
 48 Lion_Lion51    (0)    1 :  0.722 0.265 0.009 0.004 
 49 Lion_Lion52    (0)    1 :  0.682 0.297 0.014 0.007 
 50 Lolo_Lolo1    (0)    1 :  0.759 0.223 0.012 0.005 
 51 Lolo_Lolo2    (0)    1 :  0.742 0.239 0.012 0.007 
 52 Lolo_Lolo3    (0)    1 :  0.712 0.271 0.012 0.005 
 53 Lolo_Lolo4    (0)    1 :  0.700 0.284 0.010 0.006 
 54 Lolo_Lolo5    (0)    1 :  0.703 0.276 0.014 0.006 
 55 Lolo_Lolo6    (0)    1 :  0.643 0.330 0.012 0.015 
 56 Lolo_Lolo7    (0)    1 :  0.715 0.270 0.010 0.005 
 57 Lolo_Lolo8    (0)    1 :  0.725 0.255 0.011 0.009 
 58 Lolo_Lolo9    (0)    1 :  0.727 0.254 0.012 0.006 
 59 Manu_Manu1    (0)    1 :  0.721 0.262 0.012 0.005 
 60 Manu_Manu2    (0)    1 :  0.666 0.312 0.016 0.007 
 61 Manu_Manu3    (0)    1 :  0.675 0.310 0.010 0.005 
 62 Manu_Manu4    (0)    1 :  0.683 0.291 0.019 0.007 
 63 Manu_Manu5    (0)    1 :  0.627 0.344 0.011 0.018 
 64 Manu_Manu6    (0)    1 :  0.624 0.361 0.010 0.005 
 65 Manu_Manu7    (0)    1 :  0.677 0.309 0.010 0.005 
 66 Manu_Manu8    (0)    1 :  0.680 0.305 0.011 0.004 
 67 Manu_Manu9    (0)    1 :  0.658 0.312 0.021 0.010 
 68 Manu_Manu10    (0)    1 :  0.629 0.354 0.010 0.007 
 69 Manu_Manu11    (0)    1 :  0.678 0.306 0.010 0.006 
 70 Manu_Manu13    (0)    1 :  0.713 0.256 0.025 0.006 
 71 Manu_Manu14    (0)    1 :  0.661 0.326 0.008 0.004 
 72 Manu_Manu15    (0)    1 :  0.739 0.248 0.009 0.005 
 73   Go_Go1    (0)    2 :  0.008 0.859 0.117 0.015 
 74   Go_Go2    (0)    2 :  0.007 0.853 0.123 0.017 
 75   Go_Go3    (0)    2 :  0.007 0.870 0.110 0.013 
 76   Go_Go4    (0)    2 :  0.007 0.884 0.098 0.011 
 77   Go_Go5    (0)    2 :  0.008 0.866 0.111 0.016 
 78   Go_Go6    (0)    2 :  0.007 0.889 0.093 0.010 
 79   Go_Go7    (0)    2 :  0.007 0.861 0.120 0.012 
 80   Go_Go8    (0)    2 :  0.010 0.872 0.108 0.010 
 81   Go_Go9    (0)    2 :  0.010 0.877 0.088 0.025 
 82  Go_Go10    (0)    2 :  0.006 0.879 0.102 0.013 
 83  Go_Go11    (0)    2 :  0.006 0.876 0.106 0.012 
 84  Go_Go12    (0)    2 :  0.010 0.865 0.109 0.016 
 85  Go_Go13    (0)    2 :  0.005 0.894 0.087 0.014 
 86  Go_Go14    (0)    2 :  0.007 0.867 0.108 0.019 
 87  Go_Go15    (0)    2 :  0.006 0.873 0.109 0.013 
 88  Go_Go16    (0)    2 :  0.008 0.879 0.101 0.012 
 89  Go_Go17    (0)    2 :  0.006 0.872 0.107 0.014 
 90  Go_Go18    (0)    2 :  0.008 0.857 0.119 0.016 
 91  Go_Go19    (0)    2 :  0.006 0.835 0.135 0.024 
 92  Go_Go20    (0)    2 :  0.008 0.871 0.111 0.011 
 93  Go_Go21    (0)    2 :  0.006 0.882 0.099 0.013 
 94  Go_Go22    (0)    2 :  0.009 0.881 0.097 0.013 
 95  Go_Go23    (0)    2 :  0.006 0.841 0.136 0.017 
 96  Go_Go24    (0)    2 :  0.006 0.881 0.098 0.015 
 97  Go_Go25    (0)    2 :  0.007 0.845 0.135 0.014 
 98  Go_Go27    (0)    2 :  0.006 0.847 0.114 0.033 
 99  Go_Go28    (0)    2 :  0.007 0.851 0.111 0.030 
100  Go_Go29    (0)    2 :  0.006 0.789 0.179 0.026 
101  Go_Go30    (0)    2 :  0.006 0.906 0.075 0.012 
102  Go_Go31    (0)    2 :  0.006 0.848 0.134 0.012 
103  Go_Go32    (0)    2 :  0.006 0.850 0.122 0.023 
104  Go_Go33    (0)    2 :  0.005 0.899 0.082 0.013 
105  Go_Go34    (0)    2 :  0.005 0.860 0.121 0.014 
106  Go_Go35    (0)    2 :  0.007 0.855 0.122 0.016 
107  Go_Go36    (0)    2 :  0.006 0.862 0.121 0.011 
108  Go_Go37    (0)    2 :  0.008 0.875 0.103 0.013 
109  Go_Go38    (0)    2 :  0.007 0.899 0.085 0.009 
110  Go_Go39    (0)    2 :  0.007 0.818 0.159 0.016 
111  Go_Go40    (0)    2 :  0.007 0.863 0.118 0.012 
112  Go_Go41    (0)    2 :  0.006 0.867 0.116 0.011 
113  Go_Go42    (0)    2 :  0.006 0.772 0.198 0.025 
114  Go_Go43    (0)    2 :  0.006 0.816 0.160 0.018 
115  Go_Go44    (0)    2 :  0.007 0.871 0.102 0.019 
116  Go_Go45    (0)    2 :  0.006 0.884 0.098 0.011 
117  Go_Go46    (0)    2 :  0.009 0.867 0.110 0.014 
118  Go_Go47    (0)    2 :  0.006 0.869 0.105 0.020 
119  Go_Go48    (0)    2 :  0.006 0.892 0.092 0.011 
120  Go_Go49    (0)    2 :  0.007 0.880 0.097 0.017 
121  Go_Go50    (0)    2 :  0.008 0.879 0.100 0.013 
122  Go_Go51    (0)    2 :  0.008 0.912 0.068 0.012 
123  Go_Go52    (0)    2 :  0.005 0.890 0.093 0.012 
124  Go_Go53    (0)    2 :  0.008 0.886 0.093 0.013 
125  Go_Go54    (0)    2 :  0.005 0.893 0.087 0.015 
126  Go_Go55    (0)    2 :  0.006 0.905 0.078 0.011 
127  Go_Go56    (0)    2 :  0.006 0.876 0.102 0.016 
128 Hie_Hie2    (0)    2 :  0.005 0.897 0.083 0.015 
129 Hie_Hie3    (0)    2 :  0.006 0.859 0.114 0.021 
130 Hie_Hie4    (0)    2 :  0.005 0.848 0.133 0.014 
131 Hie_Hie5    (0)    2 :  0.006 0.883 0.099 0.012 
132 Hie_Hie6    (0)    2 :  0.008 0.866 0.109 0.017 
133 Hie_Hie7    (0)    2 :  0.006 0.856 0.115 0.023 
134 Hie_Hie8    (0)    2 :  0.007 0.862 0.117 0.015 
135 Hie_Hie9    (0)    2 :  0.011 0.867 0.106 0.016 
136 Hie_Hie11    (0)    2 :  0.009 0.812 0.162 0.017 
137 Hie_Hie12    (0)    2 :  0.005 0.890 0.092 0.013 
138 Hie_Hie13    (0)    2 :  0.008 0.872 0.108 0.012 
139 Hie_Hie14    (0)    2 :  0.007 0.898 0.084 0.011 
140 Hie_Hie15    (0)    2 :  0.006 0.866 0.108 0.019 
141 Hie_Hie16    (0)    2 :  0.008 0.901 0.080 0.011 
142 Hie_Hie17    (0)    2 :  0.006 0.769 0.193 0.032 
143 Hie_Hie18    (0)    2 :  0.006 0.886 0.096 0.012 
144 Hie_Hie19    (0)    2 :  0.005 0.845 0.134 0.015 
145 Hie_Hie20    (0)    2 :  0.005 0.866 0.107 0.022 
146 Hie_Hie21    (0)    2 :  0.008 0.855 0.124 0.013 
147 Hie_Hie22    (0)    2 :  0.006 0.877 0.103 0.014 
148 Hie_Hie23    (0)    2 :  0.007 0.898 0.085 0.011 
149 Hie_Hie24    (0)    2 :  0.007 0.885 0.095 0.013 
150 Hie_Hie25    (0)    2 :  0.006 0.860 0.119 0.014 
151 Hie_Hie26    (0)    2 :  0.007 0.900 0.083 0.010 
152 Hie_Hie27    (0)    2 :  0.009 0.863 0.115 0.013 
153 Hie_Hie28    (0)    2 :  0.005 0.868 0.103 0.024 
154 Hie_Hie29    (0)    2 :  0.006 0.857 0.107 0.030 
155 Hie_Hie30    (0)    2 :  0.007 0.889 0.090 0.014 
156 Hie_Hie31    (0)    2 :  0.006 0.884 0.094 0.016 
157 Hie_Hie32    (0)    2 :  0.006 0.895 0.085 0.014 
158 Hie_Hie33    (0)    2 :  0.007 0.869 0.109 0.016 
159 Hie_Hie34    (0)    2 :  0.007 0.864 0.114 0.015 
160 Hie_Hie35    (0)    2 :  0.006 0.875 0.108 0.012 
161 Hie_Hie36    (0)    2 :  0.007 0.878 0.103 0.012 
162 Hie_Hie37    (0)    2 :  0.007 0.870 0.107 0.016 
163 Hie_Hie38    (0)    2 :  0.006 0.887 0.089 0.018 
164 Hie_Hie39    (0)    2 :  0.010 0.859 0.118 0.013 
165 Hie_Hie40    (0)    2 :  0.007 0.882 0.097 0.013 
166 Hie_Hie41    (0)    2 :  0.013 0.882 0.091 0.015 
167 Hie_Hie42    (0)    2 :  0.011 0.750 0.204 0.035 
168 Hie_Hie43    (0)    2 :  0.007 0.835 0.117 0.041 
169 Hie_Hie44    (0)    2 :  0.006 0.889 0.096 0.009 
170 Hie_Hie45    (0)    2 :  0.007 0.811 0.165 0.017 
171 Hie_Hie46    (0)    2 :  0.006 0.878 0.101 0.016 
172 Hie_Hie47    (0)    2 :  0.006 0.894 0.089 0.011 
173 Hie_Hie48    (0)    2 :  0.007 0.868 0.111 0.013 
174 Hie_Hie49    (0)    2 :  0.005 0.897 0.087 0.010 
175 Lar_Lar1    (0)    2 :  0.008 0.897 0.084 0.011 
176 Lar_Lar2    (0)    2 :  0.007 0.891 0.086 0.016 
177 Lar_Lar3    (0)    2 :  0.006 0.847 0.121 0.026 
178 Lar_Lar4    (0)    2 :  0.006 0.865 0.112 0.017 
179 Lar_Lar5    (0)    2 :  0.006 0.880 0.100 0.014 
180 Lar_Lar6    (0)    2 :  0.006 0.895 0.086 0.013 
181 Lar_Lar7    (0)    2 :  0.006 0.818 0.157 0.019 
182 Lar_Lar8    (0)    2 :  0.008 0.853 0.126 0.014 
183 Lar_Lar10    (0)    2 :  0.007 0.863 0.111 0.018 
184 Lar_Lar11    (0)    2 :  0.006 0.876 0.097 0.022 
185 Lar_Lar12    (0)    2 :  0.006 0.838 0.137 0.019 
186 Lar_Lar14    (0)    2 :  0.007 0.878 0.104 0.012 
187 Lar_Lar15    (0)    2 :  0.006 0.883 0.095 0.015 
188 Lar_Lar16    (0)    2 :  0.007 0.884 0.095 0.014 
189 Lar_Lar17    (0)    2 :  0.006 0.817 0.165 0.012 
190 Lar_Lar18    (0)    2 :  0.005 0.871 0.109 0.014 
191 Lar_Lar19    (0)    2 :  0.006 0.882 0.097 0.015 
192 Lar_Lar20    (0)    2 :  0.006 0.832 0.130 0.033 
193 Lar_Lar21    (0)    2 :  0.007 0.907 0.077 0.010 
194 Lar_Lar22    (0)    2 :  0.005 0.873 0.108 0.013 
195 Lar_Lar23    (0)    2 :  0.007 0.894 0.086 0.012 
196 Lar_Lar24    (0)    2 :  0.007 0.867 0.112 0.014 
197 Lar_Lar25    (0)    2 :  0.008 0.864 0.105 0.024 
198 Lar_Lar26    (0)    2 :  0.007 0.869 0.107 0.018 
199 Lar_Lar27    (0)    2 :  0.012 0.859 0.115 0.014 
200 Lar_Lar28    (0)    2 :  0.006 0.888 0.088 0.018 
201 Lar_Lar29    (0)    2 :  0.006 0.895 0.086 0.013 
202 Lar_Lar30    (0)    2 :  0.009 0.856 0.120 0.015 
203 Lar_Lar31    (0)    2 :  0.006 0.881 0.098 0.015 
204 Lar_Lar32    (0)    2 :  0.007 0.842 0.138 0.014 
205 Lar_Lar33    (0)    2 :  0.006 0.863 0.110 0.021 
206 Lar_Lar34    (0)    2 :  0.007 0.845 0.136 0.012 
207 Lar_Lar35    (0)    2 :  0.005 0.892 0.091 0.011 
208 Lar_Lar36    (0)    2 :  0.007 0.830 0.110 0.053 
209 Lar_Lar37    (0)    2 :  0.007 0.881 0.099 0.012 
210 Lar_Lar38    (0)    2 :  0.008 0.890 0.091 0.011 
211 Lar_Lar39    (0)    2 :  0.008 0.855 0.117 0.019 
212 Lar_Lar40    (0)    2 :  0.006 0.872 0.109 0.013 
213 Lar_Lar41    (0)    2 :  0.006 0.907 0.077 0.010 
214 Lar_Lar42    (0)    2 :  0.007 0.886 0.089 0.017 
215 Lar_Lar43    (0)    2 :  0.006 0.795 0.166 0.034 
216 Lar_Lar44    (0)    2 :  0.009 0.854 0.115 0.022 
217 Lar_Lar45    (0)    2 :  0.006 0.875 0.106 0.013 
218 Lar_Lar46    (0)    2 :  0.006 0.906 0.078 0.010 
219 Lar_Lar47    (0)    2 :  0.007 0.884 0.095 0.014 
220 Lar_Lar48    (0)    2 :  0.007 0.862 0.119 0.012 
221 Lar_Lar49    (0)    2 :  0.007 0.854 0.114 0.025 
222 Lar_Lar50    (0)    2 :  0.006 0.899 0.083 0.011 
223 Lar_Lar51    (0)    2 :  0.005 0.865 0.116 0.014 
224 Lar_Lar52    (0)    2 :  0.007 0.887 0.093 0.013 
225 Lar_Lar53    (0)    2 :  0.008 0.912 0.070 0.010 
226 Mara_Mara1    (0)    2 :  0.007 0.891 0.088 0.014 
227 Mara_Mara2    (0)    2 :  0.006 0.891 0.092 0.012 
228 Mara_Mara3    (0)    2 :  0.006 0.878 0.105 0.010 
229 Mara_Mara4    (0)    2 :  0.007 0.879 0.095 0.019 
230 Mara_Mara5    (0)    2 :  0.007 0.895 0.087 0.011 
231 Mara_Mara6    (0)    2 :  0.007 0.887 0.091 0.015 
232 Mara_Mara7    (0)    2 :  0.012 0.877 0.095 0.016 
233 Mara_Mara8    (0)    2 :  0.006 0.865 0.116 0.013 
234 Mara_Mara9    (0)    2 :  0.008 0.895 0.087 0.010 
235 Mara_Mara1_    (0)    2 :  0.005 0.835 0.132 0.028 
236 Mara_Mara1_    (0)    2 :  0.006 0.858 0.112 0.024 
237 Mara_Mara1_    (0)    2 :  0.005 0.874 0.105 0.015 
238 Mara_Mara1_    (0)    2 :  0.006 0.893 0.085 0.017 
239 Mara_Mara1_    (0)    2 :  0.007 0.847 0.100 0.046 
240 Mara_Mara1_    (0)    2 :  0.007 0.862 0.116 0.016 
241 Mara_Mara1_    (0)    2 :  0.006 0.852 0.126 0.015 
242 Mara_Mara1_    (0)    2 :  0.008 0.866 0.113 0.013 
243 Mara_Mara1_    (0)    2 :  0.007 0.879 0.098 0.016 
244 Mara_Mara1_    (0)    2 :  0.008 0.871 0.107 0.014 
245 Mara_Mara2_    (0)    2 :  0.006 0.863 0.116 0.015 
246 Mara_Mara2_    (0)    2 :  0.007 0.846 0.118 0.029 
247 Mara_Mara2_    (0)    2 :  0.007 0.897 0.086 0.011 
248 Mara_Mara2_    (0)    2 :  0.006 0.890 0.091 0.013 
249 Mara_Mara2_    (0)    2 :  0.006 0.890 0.090 0.015 
250 Mara_Mara2_    (0)    2 :  0.006 0.852 0.129 0.013 
251 Mara_Mara2_    (0)    2 :  0.006 0.894 0.090 0.011 
252 Mara_Mara2_    (0)    2 :  0.007 0.873 0.107 0.013 
253 Mara_Mara2_    (0)    2 :  0.009 0.866 0.094 0.031 
254 Mara_Mara2_    (0)    2 :  0.007 0.830 0.130 0.032 
255 Mara_Mara3_    (0)    2 :  0.011 0.825 0.113 0.051 
256 Mara_Mara3_    (0)    2 :  0.010 0.823 0.146 0.021 
257 Mara_Mara3_    (0)    2 :  0.007 0.883 0.098 0.012 
258 Mara_Mara3_    (0)    2 :  0.005 0.875 0.105 0.015 
259 Mara_Mara3_    (0)    2 :  0.005 0.867 0.105 0.023 
260 Mara_Mara3_    (0)    2 :  0.005 0.869 0.106 0.020 
261 Mara_Mara3_    (0)    2 :  0.007 0.867 0.105 0.021 
262 Mara_Mara3_    (0)    2 :  0.005 0.870 0.112 0.012 
263 Mara_Mara3_    (0)    2 :  0.007 0.893 0.089 0.011 
264 Mara_Mara3_    (0)    2 :  0.006 0.863 0.117 0.014 
265 Mara_Mara4_    (0)    2 :  0.006 0.806 0.171 0.017 
266 Mara_Mara4_    (0)    2 :  0.009 0.890 0.089 0.012 
267 Mara_Mara4_    (0)    2 :  0.006 0.872 0.109 0.013 
268 Mara_Mara4_    (0)    2 :  0.006 0.891 0.088 0.015 
269 Mara_Mara4_    (0)    2 :  0.007 0.886 0.096 0.011 
270 Mara_Mara4_    (0)    2 :  0.006 0.887 0.096 0.011 
271 Mara_Mara4_    (0)    2 :  0.007 0.854 0.127 0.013 
272 Mara_Mara4_    (0)    2 :  0.007 0.871 0.110 0.012 
273 Mara_Mara4_    (0)    2 :  0.007 0.894 0.076 0.023 
274 Mara_Mara4_    (0)    2 :  0.005 0.887 0.096 0.012 
275 Mara_Mara5_    (0)    2 :  0.007 0.883 0.095 0.015 
276 Mara_Mara5_    (0)    2 :  0.007 0.890 0.087 0.016 
277 Mara_Mara5_    (0)    2 :  0.007 0.830 0.135 0.028 
278 MBO_MBO1    (0)    2 :  0.010 0.820 0.158 0.012 
279 MBO_MBO2    (0)    2 :  0.006 0.833 0.139 0.022 
280 MBO_MBO3    (0)    2 :  0.005 0.892 0.093 0.009 
281 MBO_MBO4    (0)    2 :  0.012 0.855 0.118 0.015 
282 MBO_MBO6    (0)    2 :  0.006 0.860 0.122 0.013 
283 MBO_MBO7    (0)    2 :  0.005 0.904 0.076 0.014 
284 MBO_MBO8    (0)    2 :  0.006 0.826 0.153 0.015 
285 MBO_MBO9    (0)    2 :  0.007 0.815 0.160 0.018 
286 MBO_MBO10    (0)    2 :  0.008 0.871 0.108 0.014 
287 MBO_MBO11    (0)    2 :  0.007 0.890 0.089 0.015 
288 MBO_MBO12    (0)    2 :  0.006 0.902 0.079 0.012 
289 MBO_MBO13    (0)    2 :  0.006 0.890 0.093 0.011 
290 MBO_MBO14    (0)    2 :  0.006 0.889 0.091 0.014 
291 MBO_MBO15    (0)    2 :  0.007 0.855 0.123 0.015 
292 MBO_MBO16    (0)    2 :  0.006 0.883 0.101 0.010 
293 MBO_MBO17    (0)    2 :  0.007 0.879 0.101 0.014 
294 MBO_MBO18    (0)    2 :  0.008 0.832 0.142 0.017 
295 MBO_MBO19    (0)    2 :  0.006 0.866 0.115 0.013 
296 MBO_MBO20    (0)    2 :  0.006 0.870 0.095 0.029 
297 MBO_MBO21    (0)    2 :  0.007 0.889 0.091 0.013 
298 MBO_MBO22    (0)    2 :  0.007 0.888 0.092 0.014 
299 MBO_MBO23    (0)    2 :  0.007 0.877 0.098 0.018 
300 MBO_MBO24    (0)    2 :  0.006 0.894 0.086 0.014 
301 MBO_MBO25    (0)    2 :  0.006 0.891 0.091 0.012 
302 MBO_MBO26    (0)    2 :  0.006 0.885 0.096 0.013 
303 MBO_MBO27    (0)    2 :  0.009 0.870 0.105 0.016 
304 MBO_MBO28    (0)    2 :  0.006 0.873 0.100 0.020 
305 MBO_MBO29    (0)    2 :  0.007 0.868 0.103 0.022 
306 MBO_MBO30    (0)    2 :  0.018 0.873 0.095 0.013 
307 MBO_MBO31    (0)    2 :  0.012 0.846 0.129 0.014 
308 MBO_MBO32    (0)    2 :  0.006 0.891 0.089 0.013 
309 MBO_MBO33    (0)    2 :  0.008 0.854 0.123 0.016 
310 MBO_MBO34    (0)    2 :  0.007 0.884 0.094 0.015 
311 MBO_MBO35    (0)    2 :  0.008 0.893 0.089 0.010 
312 MBO_MBO36    (0)    2 :  0.009 0.879 0.092 0.020 
313 MBO_MBO37    (0)    2 :  0.007 0.859 0.119 0.016 
314 MBO_MBO38    (0)    2 :  0.007 0.854 0.127 0.013 
315 MBO_MBO39    (0)    2 :  0.007 0.898 0.085 0.010 
316 MBO_MBO40    (0)    2 :  0.007 0.875 0.104 0.014 
317 MBO_MBO41    (0)    2 :  0.005 0.837 0.147 0.011 
318 MBO_MBO42    (0)    2 :  0.007 0.870 0.110 0.014 
319 MBO_MBO43    (0)    2 :  0.009 0.900 0.081 0.009 
320 MBO_MBO44    (0)    2 :  0.009 0.871 0.106 0.013 
321 MBO_MBO45    (0)    2 :  0.007 0.846 0.132 0.014 
322 MBO_MBO46    (0)    2 :  0.006 0.873 0.108 0.013 
323 MBO_MBO47    (0)    2 :  0.006 0.875 0.106 0.013 
324 MBO_MBO48    (0)    2 :  0.008 0.885 0.096 0.011 
325 MBO_MBO49    (0)    2 :  0.007 0.871 0.108 0.014 
326 MBO_MBO50    (0)    2 :  0.006 0.894 0.088 0.012 
327 MBO_MBO51    (0)    2 :  0.007 0.900 0.080 0.013 
328 QBW_QBW1    (0)    2 :  0.006 0.875 0.107 0.012 
329 QBW_QBW2    (0)    2 :  0.006 0.897 0.087 0.010 
330 QBW_QBW3    (0)    2 :  0.006 0.876 0.104 0.013 
331 QBW_QBW4    (0)    2 :  0.005 0.801 0.170 0.025 
332 QBW_QBW5    (0)    2 :  0.007 0.888 0.087 0.018 
333 QBW_QBW6    (0)    2 :  0.008 0.890 0.087 0.015 
334 QBW_QBW7    (0)    2 :  0.007 0.851 0.129 0.013 
335 QBW_QBW8    (0)    2 :  0.007 0.863 0.113 0.017 
336 QBW_QBW9    (0)    2 :  0.006 0.860 0.101 0.033 
337 QBW_QBW10    (0)    2 :  0.006 0.872 0.106 0.016 
338 QBW_QBW11    (0)    2 :  0.006 0.875 0.107 0.011 
339 QBW_QBW12    (0)    2 :  0.007 0.845 0.134 0.014 
340 QBW_QBW13    (0)    2 :  0.007 0.877 0.103 0.014 
341 QBW_QBW14    (0)    2 :  0.008 0.890 0.090 0.012 
342 QBW_QBW15    (0)    2 :  0.007 0.858 0.116 0.018 
343 QBW_QBW16    (0)    2 :  0.006 0.856 0.122 0.016 
344 QBW_QBW17    (0)    2 :  0.006 0.853 0.125 0.016 
345 QBW_QBW18    (0)    2 :  0.008 0.875 0.106 0.011 
346 QBW_QBW19    (0)    2 :  0.007 0.903 0.079 0.011 
347 QBW_QBW20    (0)    2 :  0.009 0.884 0.096 0.011 
348 QBW_QBW21    (0)    2 :  0.007 0.867 0.114 0.012 
349 QBW_QBW22    (0)    2 :  0.009 0.872 0.105 0.014 
350 QBW_QBW23    (0)    2 :  0.007 0.890 0.092 0.011 
351 QBW_QBW24    (0)    2 :  0.006 0.900 0.082 0.012 
352 QBW_QBW25    (0)    2 :  0.008 0.872 0.101 0.020 
353 QBW_QBW26    (0)    2 :  0.006 0.870 0.109 0.016 
354 QBW_QBW27    (0)    2 :  0.006 0.892 0.091 0.012 
355 QBW_QBW28    (0)    2 :  0.007 0.875 0.106 0.012 
356 QBW_QBW29    (0)    2 :  0.005 0.870 0.113 0.012 
357 QBW_QBW30    (0)    2 :  0.008 0.882 0.097 0.013 
358 QBW_QBW31    (0)    2 :  0.006 0.864 0.118 0.013 
359 QBW_QBW32    (0)    2 :  0.006 0.856 0.122 0.016 
360 QBW_QBW33    (0)    2 :  0.006 0.853 0.125 0.016 
361 QBW_QBW34    (0)    2 :  0.009 0.873 0.108 0.011 
362 QBW_QBW35    (0)    2 :  0.007 0.903 0.080 0.011 
363 QBW_QBW36    (0)    2 :  0.009 0.884 0.096 0.011 
364 QBW_QBW37    (0)    2 :  0.006 0.890 0.086 0.017 
365 QBW_QBW38    (0)    2 :  0.007 0.874 0.100 0.019 
366 QBW_QBW39    (0)    2 :  0.009 0.871 0.107 0.013 
367 QBW_QBW40    (0)    2 :  0.006 0.885 0.094 0.014 
368 QBW_QBW41    (0)    2 :  0.006 0.875 0.096 0.023 
369 QBW_QBW42    (0)    2 :  0.006 0.867 0.117 0.011 
370 QBW_QBW43    (0)    2 :  0.007 0.867 0.082 0.043 
371 QBW_QBW44    (0)    2 :  0.006 0.882 0.092 0.019 
372 QBW_QBW45    (0)    2 :  0.008 0.869 0.098 0.024 
373 QBW_QBW46    (0)    2 :  0.008 0.885 0.097 0.010 
374 QBW_QBW47    (0)    2 :  0.006 0.870 0.109 0.016 
375 QBW_QBW48    (0)    2 :  0.008 0.890 0.091 0.011 
376 QBW_QBW49    (0)    2 :  0.006 0.862 0.106 0.026 
377 QBW_QBW50    (0)    2 :  0.005 0.857 0.124 0.014 
378 QBW_QBW51    (0)    2 :  0.006 0.783 0.194 0.017 
379 QBW_QBW52    (0)    2 :  0.008 0.893 0.089 0.010 
380 QBW_QBW53    (0)    2 :  0.008 0.845 0.135 0.012 
381 QBW_QBW54    (0)    2 :  0.006 0.877 0.102 0.014 
382 Ten_Ten1    (0)    2 :  0.006 0.895 0.081 0.017 
383 Ten_Ten2    (0)    2 :  0.005 0.896 0.087 0.012 
384 Ten_Ten3    (0)    2 :  0.006 0.881 0.095 0.018 
385 Ten_Ten4    (0)    2 :  0.006 0.863 0.120 0.011 
386 Ten_Ten5    (0)    2 :  0.006 0.896 0.087 0.011 
387 Ten_Ten6    (0)    2 :  0.006 0.902 0.080 0.011 
388 Ten_Ten7    (0)    2 :  0.008 0.793 0.162 0.036 
389 Ten_Ten8    (0)    2 :  0.015 0.868 0.106 0.012 
390 Ten_Ten9    (0)    2 :  0.006 0.867 0.111 0.016 
391 Ten_Ten10    (0)    2 :  0.007 0.855 0.122 0.015 
392 Ten_Ten11    (0)    2 :  0.011 0.875 0.091 0.023 
393 Ten_Ten12    (0)    2 :  0.006 0.872 0.105 0.017 
394 Ten_Ten13    (0)    2 :  0.007 0.866 0.103 0.024 
395 Ten_Ten14    (0)    2 :  0.006 0.861 0.120 0.012 
396 Ten_Ten15    (0)    2 :  0.007 0.850 0.129 0.014 
397 Ten_Ten16    (0)    2 :  0.007 0.897 0.083 0.013 
398 Ten_Ten17    (0)    2 :  0.007 0.848 0.134 0.011 
399 Ten_Ten18    (0)    2 :  0.007 0.870 0.101 0.022 
400 Ten_Ten19    (0)    2 :  0.005 0.867 0.114 0.014 
401 Ten_Ten20    (0)    2 :  0.005 0.877 0.104 0.014 
402 Ten_Ten21    (0)    2 :  0.008 0.851 0.128 0.012 
403 Ten_Ten22    (0)    2 :  0.006 0.890 0.094 0.010 
404 Ten_Ten23    (0)    2 :  0.006 0.840 0.141 0.014 
405 Ten_Ten24    (0)    2 :  0.005 0.869 0.110 0.015 
406 Ten_Ten25    (0)    2 :  0.008 0.875 0.096 0.021 
407 Ten_Ten26    (0)    2 :  0.006 0.847 0.134 0.013 
408 Ten_Ten27    (0)    2 :  0.008 0.863 0.117 0.012 
409 Ten_Ten28    (0)    2 :  0.006 0.849 0.126 0.018 
410 Ten_Ten29    (0)    2 :  0.007 0.898 0.085 0.010 
411 Ten_Ten30    (0)    2 :  0.007 0.896 0.085 0.011 
412 Ten_Ten31    (0)    2 :  0.006 0.849 0.129 0.016 
413 Ten_Ten32    (0)    2 :  0.006 0.880 0.101 0.012 
414 Ten_Ten33    (0)    2 :  0.006 0.845 0.131 0.017 
415 Ten_Ten34    (0)    2 :  0.006 0.901 0.082 0.011 
416 Ten_Ten35    (0)    2 :  0.007 0.885 0.098 0.010 
417 Ten_Ten36    (0)    2 :  0.006 0.852 0.119 0.023 
418 Ten_Ten37    (0)    2 :  0.007 0.907 0.076 0.010 
419 Ten_Ten38    (0)    2 :  0.006 0.894 0.085 0.015 
420 Ten_Ten39    (0)    2 :  0.006 0.876 0.093 0.024 
421 Ten_Ten40    (0)    2 :  0.007 0.883 0.099 0.011 
422 Ten_Ten41    (0)    2 :  0.006 0.887 0.097 0.011 
423 Ten_Ten42    (0)    2 :  0.007 0.831 0.118 0.045 
424 Ten_Ten43    (0)    2 :  0.007 0.896 0.085 0.012 
425 Ten_Ten44    (0)    2 :  0.006 0.879 0.090 0.024 
426 Ten_Ten45    (0)    2 :  0.007 0.899 0.084 0.010 
427 Ten_Ten46    (0)    2 :  0.007 0.861 0.120 0.012 
428 Ten_Ten47    (0)    2 :  0.006 0.857 0.128 0.010 
429 Ten_Ten48    (0)    2 :  0.005 0.880 0.095 0.020 
430 Ten_Ten49    (0)    2 :  0.006 0.903 0.078 0.012 
431 Ten_Ten50    (0)    2 :  0.009 0.864 0.116 0.012 
432 Ten_Ten51    (0)    2 :  0.007 0.902 0.081 0.010 
433 Ten_Ten52    (0)    2 :  0.006 0.831 0.143 0.020 
434 Tote_Tote1    (0)    2 :  0.006 0.891 0.090 0.013 
435 Tote_Tote2    (0)    2 :  0.006 0.817 0.159 0.017 
436 Tote_Tote3    (0)    2 :  0.011 0.870 0.106 0.013 
437 Tote_Tote4    (0)    2 :  0.007 0.886 0.088 0.018 
438 Tote_Tote5    (0)    2 :  0.006 0.878 0.099 0.017 
439 Tote_Tote6    (0)    2 :  0.007 0.861 0.118 0.014 
440 Tote_Tote7    (0)    2 :  0.006 0.842 0.130 0.022 
441 Tote_Tote8    (0)    2 :  0.012 0.900 0.077 0.012 
442 Tote_Tote1_    (0)    2 :  0.007 0.859 0.121 0.013 
443 Tote_Tote1_    (0)    2 :  0.005 0.898 0.086 0.011 
444 Tote_Tote1_    (0)    2 :  0.007 0.852 0.128 0.013 
445 Tote_Tote1_    (0)    2 :  0.007 0.855 0.119 0.019 
446 Tote_Tote1_    (0)    2 :  0.006 0.854 0.122 0.018 
447 Tote_Tote1_    (0)    2 :  0.007 0.852 0.117 0.025 
448 Tote_Tote1_    (0)    2 :  0.006 0.807 0.155 0.032 
449 Tote_Tote1_    (0)    2 :  0.007 0.791 0.187 0.015 
450 Tote_Tote1_    (0)    2 :  0.006 0.885 0.089 0.020 
451 Tote_Tote2_    (0)    2 :  0.008 0.865 0.112 0.015 
452 Tote_Tote2_    (0)    2 :  0.006 0.881 0.099 0.014 
453 Tote_Tote2_    (0)    2 :  0.007 0.856 0.126 0.012 
454 Tote_Tote2_    (0)    2 :  0.008 0.883 0.097 0.012 
455 Tote_Tote2_    (0)    2 :  0.012 0.862 0.105 0.021 
456 Tote_Tote2_    (0)    2 :  0.007 0.897 0.087 0.010 
457 Tote_Tote2_    (0)    2 :  0.006 0.889 0.093 0.012 
458 Tote_Tote2_    (0)    2 :  0.005 0.890 0.094 0.011 
459 Tote_Tote2_    (0)    2 :  0.006 0.881 0.102 0.011 
460 Tote_Tote2_    (0)    2 :  0.006 0.893 0.089 0.012 
461 Tote_Tote3_    (0)    2 :  0.005 0.801 0.171 0.023 
462 Tote_Tote3_    (0)    2 :  0.005 0.903 0.079 0.013 
463 Tote_Tote3_    (0)    2 :  0.007 0.876 0.102 0.015 
464 Tote_Tote3_    (0)    2 :  0.008 0.875 0.102 0.015 
465 Tote_Tote3_    (0)    2 :  0.009 0.865 0.114 0.012 
466 Tote_Tote3_    (0)    2 :  0.012 0.855 0.104 0.029 
467 Tote_Tote3_    (0)    2 :  0.007 0.858 0.104 0.030 
468 Tote_Tote3_    (0)    2 :  0.007 0.871 0.110 0.012 
469 Tote_Tote3_    (0)    2 :  0.007 0.864 0.115 0.013 
470 Tote_Tote3_    (0)    2 :  0.007 0.806 0.163 0.024 
471 Tote_Tote4_    (0)    2 :  0.006 0.866 0.114 0.014 
472 Tote_Tote4_    (0)    2 :  0.008 0.890 0.090 0.013 
473 Tote_Tote4_    (0)    2 :  0.008 0.896 0.086 0.010 
474 Tote_Tote4_    (0)    2 :  0.011 0.828 0.137 0.023 
475 Tote_Tote4_    (0)    2 :  0.007 0.850 0.124 0.018 
476 Tote_Tote4_    (0)    2 :  0.006 0.864 0.114 0.016 
477 Tote_Tote4_    (0)    2 :  0.008 0.844 0.133 0.016 
478 Tote_Tote4_    (0)    2 :  0.006 0.897 0.083 0.014 
479 Tote_Tote4_    (0)    2 :  0.007 0.890 0.081 0.021 
480 Tote_Tote4_    (0)    2 :  0.006 0.885 0.083 0.026 
481 Tote_Tote5_    (0)    2 :  0.008 0.850 0.129 0.013 
482 Tote_Tote5_    (0)    2 :  0.007 0.858 0.123 0.012 
483 Tote_Tote5_    (0)    2 :  0.007 0.862 0.119 0.012 
484 Tote_Tote5_    (0)    2 :  0.006 0.901 0.084 0.009 
485 Tote_Tote5_    (0)    2 :  0.006 0.870 0.110 0.015 
486 Tote_Tote5_    (0)    2 :  0.007 0.896 0.088 0.009 
487 Taga_Taga1    (0)    3 :  0.004 0.062 0.836 0.098 
488 Taga_Taga2    (0)    3 :  0.009 0.084 0.800 0.107 
489 Taga_Taga3    (0)    3 :  0.005 0.081 0.841 0.073 
490 Taga_Taga4    (0)    3 :  0.005 0.069 0.831 0.095 
491 Taga_Taga5    (0)    3 :  0.005 0.076 0.806 0.113 
492 Taga_Taga6    (0)    3 :  0.011 0.108 0.786 0.096 
493 Taga_Taga7    (0)    3 :  0.005 0.085 0.816 0.094 
494 Taga_Taga8    (0)    3 :  0.006 0.078 0.802 0.114 
495 Taga_Taga9    (0)    3 :  0.004 0.072 0.844 0.080 
496 Taga_Taga1_    (0)    3 :  0.007 0.127 0.763 0.103 
497 Taga_Taga1_    (0)    3 :  0.006 0.081 0.747 0.167 
498 Taga_Taga1_    (0)    3 :  0.006 0.090 0.799 0.105 
499 Taga_Taga1_    (0)    3 :  0.006 0.091 0.828 0.075 
500 Taga_Taga1_    (0)    3 :  0.005 0.080 0.819 0.096 
501 Taga_Taga1_    (0)    3 :  0.005 0.075 0.836 0.084 
502 Taga_Taga1_    (0)    3 :  0.004 0.070 0.779 0.147 
503 Taga_Taga1_    (0)    3 :  0.005 0.073 0.767 0.156 
504 Taga_Taga1_    (0)    3 :  0.006 0.075 0.800 0.120 
505 Taga_Taga1_    (0)    3 :  0.005 0.067 0.810 0.118 
506 Taga_Taga2_    (0)    3 :  0.004 0.069 0.818 0.109 
507 Taga_Taga2_    (0)    3 :  0.004 0.063 0.842 0.091 
508 Taga_Taga2_    (0)    3 :  0.009 0.105 0.774 0.112 
509 Taga_Taga2_    (0)    3 :  0.005 0.128 0.769 0.098 
510 Taga_Taga2_    (0)    3 :  0.005 0.083 0.820 0.092 
511 Taga_Taga2_    (0)    3 :  0.007 0.076 0.823 0.095 
512 Taga_Taga2_    (0)    3 :  0.005 0.070 0.832 0.093 
513 Taga_Taga2_    (0)    3 :  0.005 0.063 0.824 0.107 
514 Taga_Taga2_    (0)    3 :  0.006 0.082 0.837 0.075 
515 Taga_Taga2_    (0)    3 :  0.005 0.075 0.794 0.125 
516 Taga_Taga3_    (0)    3 :  0.005 0.090 0.787 0.117 
517 Taga_Taga3_    (0)    3 :  0.005 0.076 0.844 0.075 
518 Taga_Taga3_    (0)    3 :  0.005 0.072 0.838 0.086 
519 Taga_Taga3_    (0)    3 :  0.004 0.062 0.803 0.131 
520 Taga_Taga3_    (0)    3 :  0.009 0.143 0.773 0.075 
521 Taga_Taga3_    (0)    3 :  0.005 0.078 0.830 0.087 
522 Taga_Taga3_    (0)    3 :  0.005 0.063 0.829 0.102 
523 Taga_Taga3_    (0)    3 :  0.007 0.092 0.807 0.094 
524 Taga_Taga3_    (0)    3 :  0.005 0.089 0.794 0.111 
525 Taga_Taga3_    (0)    3 :  0.005 0.063 0.824 0.107 
526 Taga_Taga4_    (0)    3 :  0.004 0.075 0.819 0.102 
527 Taga_Taga4_    (0)    3 :  0.004 0.063 0.837 0.096 
528 Taga_Taga4_    (0)    3 :  0.004 0.055 0.845 0.095 
529 Taga_Taga4_    (0)    3 :  0.007 0.117 0.759 0.117 
530 Taga_Taga4_    (0)    3 :  0.006 0.088 0.817 0.089 
531 Taga_Taga4_    (0)    3 :  0.007 0.085 0.829 0.079 
532 Taga_Taga4_    (0)    3 :  0.006 0.137 0.758 0.100 
533 Taga_Taga4_    (0)    3 :  0.006 0.108 0.807 0.080 
534 Taga_Taga4_    (0)    3 :  0.006 0.125 0.751 0.119 
535 Taga_Taga4_    (0)    3 :  0.005 0.083 0.782 0.131 
536 Taga_Taga5_    (0)    3 :  0.004 0.064 0.838 0.093 
537 Taga_Taga5_    (0)    3 :  0.005 0.081 0.808 0.106 
538 Taga_Taga5_    (0)    3 :  0.004 0.064 0.826 0.106 
539 Mata_Mata1    (0)    3 :  0.005 0.071 0.804 0.119 
540 Mata_Mata2    (0)    3 :  0.004 0.062 0.844 0.089 
541 Mata_Mata3    (0)    3 :  0.005 0.059 0.821 0.115 
542 Mata_Mata4    (0)    3 :  0.005 0.073 0.789 0.133 
543 Mata_Mata5    (0)    3 :  0.005 0.093 0.797 0.105 
544 Mata_Mata6    (0)    3 :  0.005 0.070 0.836 0.089 
545 Mata_Mata7    (0)    3 :  0.008 0.091 0.794 0.107 
546 Mata_Mata8    (0)    3 :  0.006 0.082 0.796 0.116 
547 Mata_Mata9    (0)    3 :  0.006 0.095 0.754 0.146 
548 Mata_Mata1_    (0)    3 :  0.006 0.062 0.797 0.136 
549 Mata_Mata1_    (0)    3 :  0.005 0.092 0.805 0.099 
550 Mata_Mata1_    (0)    3 :  0.008 0.101 0.787 0.103 
551 Mata_Mata1_    (0)    3 :  0.012 0.128 0.756 0.104 
552 Mata_Mata1_    (0)    3 :  0.005 0.069 0.819 0.108 
553 Mata_Mata1_    (0)    3 :  0.009 0.106 0.707 0.178 
554 Mata_Mata1_    (0)    3 :  0.005 0.075 0.794 0.125 
555 Mata_Mata1_    (0)    3 :  0.004 0.066 0.810 0.120 
556 Mata_Mata1_    (0)    3 :  0.005 0.089 0.787 0.119 
557 Mata_Mata1_    (0)    3 :  0.007 0.076 0.824 0.093 
558 Mata_Mata2_    (0)    3 :  0.007 0.141 0.747 0.105 
559 Mata_Mata2_    (0)    3 :  0.006 0.107 0.807 0.080 
560 Mata_Mata2_    (0)    3 :  0.005 0.086 0.796 0.114 
561 Mata_Mata2_    (0)    3 :  0.007 0.113 0.740 0.141 
562 Mata_Mata2_    (0)    3 :  0.008 0.135 0.779 0.079 
563 Mata_Mata2_    (0)    3 :  0.006 0.112 0.810 0.072 
564 Mata_Mata2_    (0)    3 :  0.006 0.089 0.827 0.079 
565 Mata_Mata2_    (0)    3 :  0.005 0.066 0.838 0.092 
566 Mata_Mata2_    (0)    3 :  0.010 0.133 0.732 0.125 
567 Mata_Mata3_    (0)    3 :  0.012 0.074 0.832 0.082 
568 Mata_Mata3_    (0)    3 :  0.008 0.083 0.802 0.108 
569 Mata_Mata3_    (0)    3 :  0.007 0.096 0.808 0.088 
570 Mata_Mata3_    (0)    3 :  0.005 0.067 0.831 0.098 
571 Mata_Mata3_    (0)    3 :  0.005 0.067 0.833 0.095 
572 Mata_Mata3_    (0)    3 :  0.004 0.069 0.794 0.133 
573 Mata_Mata3_    (0)    3 :  0.007 0.090 0.781 0.122 
574 Mata_Mata3_    (0)    3 :  0.005 0.074 0.806 0.115 
575 Mata_Mata3_    (0)    3 :  0.004 0.060 0.858 0.078 
576 Mata_Mata4_    (0)    3 :  0.004 0.059 0.832 0.104 
577 Mata_Mata4_    (0)    3 :  0.004 0.060 0.821 0.115 
578 Mata_Mata4_    (0)    3 :  0.007 0.069 0.833 0.091 
579 Mata_Mata4_    (0)    3 :  0.004 0.074 0.821 0.100 
580 Mata_Mata4_    (0)    3 :  0.005 0.088 0.764 0.142 
581 Mata_Mata4_    (0)    3 :  0.004 0.058 0.854 0.084 
582 Mata_Mata4_    (0)    3 :  0.005 0.075 0.811 0.109 
583 Mata_Mata4_    (0)    3 :  0.004 0.064 0.812 0.120 
584 Mata_Mata4_    (0)    3 :  0.006 0.085 0.805 0.104 
585 Mata_Mata4_    (0)    3 :  0.004 0.058 0.828 0.110 
586 Mata_Mata5_    (0)    3 :  0.017 0.104 0.773 0.107 
587 Muaiv_Muai    (0)    3 :  0.005 0.080 0.793 0.122 
588 Muaiv_Muai_    (0)    3 :  0.005 0.079 0.751 0.165 
589 Muaiv_Muai_    (0)    3 :  0.006 0.079 0.818 0.097 
590 Muaiv_Muai_    (0)    3 :  0.005 0.067 0.762 0.167 
591 Muaiv_Muai_    (0)    3 :  0.005 0.080 0.804 0.112 
592 Muaiv_Muai_    (0)    3 :  0.006 0.084 0.788 0.121 
593 Muaiv_Muai_    (0)    3 :  0.005 0.072 0.810 0.113 
594 Muaiv_Muai_    (0)    3 :  0.007 0.081 0.803 0.109 
595 Muaiv_Muai_    (0)    3 :  0.005 0.063 0.746 0.186 
596 Muaiv_Muai_    (0)    3 :  0.004 0.071 0.826 0.099 
597 Muaiv_Muai_    (0)    3 :  0.007 0.145 0.740 0.108 
598 Muaiv_Muai_    (0)    3 :  0.004 0.074 0.759 0.163 
599 Muaiv_Muai_    (0)    3 :  0.009 0.076 0.791 0.124 
600 Muaiv_Muai_    (0)    3 :  0.007 0.099 0.774 0.119 
601 Muaiv_Muai_    (0)    3 :  0.005 0.063 0.844 0.089 
602 Muaiv_Muai_    (0)    3 :  0.005 0.094 0.811 0.090 
603 Muaiv_Muai_    (0)    3 :  0.004 0.067 0.829 0.100 
604 Muaiv_Muai_    (0)    3 :  0.007 0.190 0.682 0.120 
605 Muaiv_Muai_    (0)    3 :  0.005 0.087 0.793 0.115 
606 Muaiv_Muai_    (0)    3 :  0.004 0.062 0.803 0.132 
607 Muaiv_Muai_    (0)    3 :  0.004 0.061 0.831 0.105 
608 Muaiv_Muai_    (0)    3 :  0.005 0.083 0.774 0.138 
609 Muaiv_Muai_    (0)    3 :  0.006 0.099 0.772 0.123 
610 Muaiv_Muai_    (0)    3 :  0.007 0.086 0.753 0.153 
611 Muaiv_Muai_    (0)    3 :  0.004 0.088 0.785 0.122 
612 Muaiv_Muai_    (0)    3 :  0.004 0.068 0.823 0.105 
613 Muaiv_Muai_    (0)    3 :  0.004 0.066 0.765 0.165 
614 Muaiv_Muai_    (0)    3 :  0.004 0.084 0.831 0.081 
615 Muaiv_Muai_    (0)    3 :  0.005 0.081 0.789 0.125 
616 Muaiv_Muai_    (0)    3 :  0.005 0.078 0.795 0.122 
617 Muaiv_Muai_    (0)    3 :  0.005 0.078 0.795 0.123 
618 Muaiv_Muai_    (0)    3 :  0.007 0.087 0.802 0.105 
619 Muaiv_Muai_    (0)    3 :  0.007 0.096 0.740 0.156 
620 Muaiv_Muai_    (0)    3 :  0.005 0.071 0.845 0.080 
621 Muaiv_Muai_    (0)    3 :  0.006 0.124 0.781 0.090 
622 Muaiv_Muai_    (0)    3 :  0.005 0.105 0.773 0.117 
623 Muaiv_Muai_    (0)    3 :  0.004 0.063 0.842 0.091 
624 Muaiv_Muai_    (0)    3 :  0.008 0.079 0.791 0.122 
625 Muaiv_Muai_    (0)    3 :  0.005 0.094 0.806 0.095 
626 Muaiv_Muai_    (0)    3 :  0.006 0.084 0.816 0.094 
627 Muaiv_Muai_    (0)    3 :  0.004 0.066 0.836 0.093 
628 Muaiv_Muai_    (0)    3 :  0.005 0.067 0.817 0.111 
629 Muaiv_Muai_    (0)    3 :  0.007 0.117 0.772 0.104 
630 Muaiv_Muai_    (0)    3 :  0.004 0.061 0.838 0.097 
631 Muaiv_Muai_    (0)    3 :  0.011 0.136 0.745 0.107 
632 Muaiv_Muai_    (0)    3 :  0.013 0.107 0.747 0.133 
633 Muaiv_Muai_    (0)    3 :  0.005 0.069 0.829 0.096 
634 Muaiv_Muai_    (0)    3 :  0.018 0.091 0.791 0.099 
635 Muaiv_Muai_    (0)    3 :  0.005 0.092 0.804 0.099 
636 Muaiv_Muai_    (0)    3 :  0.005 0.066 0.823 0.105 
637 Muaiv_Muai_    (0)    3 :  0.005 0.082 0.840 0.074 
638 Muaiv_Muai_    (0)    3 :  0.006 0.082 0.811 0.101 
639 Muaiv_Muai_    (0)    3 :  0.011 0.085 0.730 0.175 
640 Muaiv_Muai_    (0)    3 :  0.005 0.067 0.837 0.091 
641 Nadi_Nadi1    (0)    3 :  0.007 0.120 0.773 0.100 
642 Nadi_Nadi2    (0)    3 :  0.004 0.062 0.842 0.091 
643 Nadi_Nadi3    (0)    3 :  0.004 0.063 0.790 0.143 
644 Nadi_Nadi4    (0)    3 :  0.008 0.087 0.829 0.076 
645 Nadi_Nadi5    (0)    3 :  0.005 0.099 0.769 0.126 
646 Nadi_Nadi7    (0)    3 :  0.009 0.105 0.796 0.089 
647 Nadi_Nadi8    (0)    3 :  0.006 0.087 0.821 0.086 
648 Nadi_Nadi9    (0)    3 :  0.005 0.071 0.826 0.098 
649 Nadi_Nadi1_    (0)    3 :  0.004 0.063 0.851 0.082 
650 Nadi_Nadi1_    (0)    3 :  0.006 0.072 0.829 0.093 
651 Nadi_Nadi1_    (0)    3 :  0.006 0.072 0.839 0.083 
652 Nadi_Nadi1_    (0)    3 :  0.010 0.077 0.829 0.084 
653 Nadi_Nadi1_    (0)    3 :  0.007 0.097 0.811 0.085 
654 Nadi_Nadi1_    (0)    3 :  0.005 0.057 0.822 0.117 
655 Nadi_Nadi1_    (0)    3 :  0.005 0.084 0.794 0.117 
656 Nadi_Nadi1_    (0)    3 :  0.005 0.068 0.833 0.095 
657 Nadi_Nadi1_    (0)    3 :  0.006 0.072 0.843 0.079 
658 Nadi_Nadi1_    (0)    3 :  0.004 0.068 0.818 0.109 
659 Nadi_Nadi2_    (0)    3 :  0.006 0.081 0.806 0.107 
660 Nadi_Nadi2_    (0)    3 :  0.006 0.142 0.748 0.104 
661 Nadi_Nadi2_    (0)    3 :  0.004 0.057 0.779 0.159 
662 Nadi_Nadi2_    (0)    3 :  0.005 0.068 0.838 0.090 
663 Nadi_Nadi2_    (0)    3 :  0.004 0.060 0.821 0.115 
664 Nadi_Nadi2_    (0)    3 :  0.005 0.082 0.810 0.103 
665 Nadi_Nadi2_    (0)    3 :  0.005 0.062 0.824 0.109 
666 Nadi_Nadi2_    (0)    3 :  0.015 0.259 0.630 0.095 
667 Nadi_Nadi2_    (0)    3 :  0.006 0.103 0.771 0.120 
668 Nadi_Nadi3_    (0)    3 :  0.004 0.059 0.842 0.095 
669 Nadi_Nadi3_    (0)    3 :  0.004 0.087 0.815 0.093 
670 Nadi_Nadi3_    (0)    3 :  0.006 0.089 0.812 0.093 
671 Nadi_Nadi3_    (0)    3 :  0.005 0.068 0.829 0.099 
672 Nadi_Nadi3_    (0)    3 :  0.005 0.083 0.792 0.120 
673 Nadi_Nadi3_    (0)    3 :  0.005 0.075 0.812 0.108 
674 Nadi_Nadi3_    (0)    3 :  0.004 0.065 0.858 0.072 
675 Nadi_Nadi3_    (0)    3 :  0.004 0.061 0.858 0.077 
676 Nadi_Nadi3_    (0)    3 :  0.004 0.061 0.804 0.131 
677 Nadi_Nadi3_    (0)    3 :  0.006 0.082 0.797 0.115 
678 Nadi_Nadi4_    (0)    3 :  0.006 0.090 0.819 0.085 
679 Nadi_Nadi4_    (0)    3 :  0.004 0.054 0.856 0.087 
680 Nadi_Nadi4_    (0)    3 :  0.005 0.071 0.794 0.130 
681 Nadi_Nadi4_    (0)    3 :  0.006 0.082 0.837 0.076 
682 Nadi_Nadi4_    (0)    3 :  0.006 0.082 0.806 0.107 
683 Nadi_Nadi4_    (0)    3 :  0.006 0.063 0.832 0.098 
