

----------------------------------------------------
STRUCTURE by Pritchard, Stephens and Donnelly (2000)
     and Falush, Stephens and Pritchard (2003)
       Code by Pritchard, Falush and Hubisz
             Version 2.3.4 (Jul 2012)
----------------------------------------------------



Command line arguments:   /opt/anaconda3/bin/structure -K 3 -i /data/home/edc5240/Daruanus/Daruanus_All_8locus_stru.txt -o /data/home/edc5240/Daruanus/output/str_K3_rep4 -D 2666975 -m /data/home/edc5240/Daruanus/mainparams -e /data/home/edc5240/Daruanus/extraparams 
Input File:    /data/home/edc5240/Daruanus/Daruanus_All_8locus_stru.txt

Run parameters:
   1358 individuals
   8 loci
   3 populations assumed
   250000 Burn-in period
   1000000 Reps
LOCPRIOR model used
RANDOMIZE turned off


--------------------------------------------
Proportion of membership of each pre-defined
 population in each of the 3 clusters

Given    Inferred Clusters       Number of
 Pop       1      2      3      Individuals

  1:     0.973  0.008  0.019       72
  2:     0.827  0.024  0.149      414
  3:     0.075  0.123  0.801      358
  4:     0.017  0.879  0.105      441
  5:     0.010  0.903  0.087       73
--------------------------------------------

Allele-freq. divergence among pops (Net nucleotide distance),
computed using point estimates of P.

      1       2       3      
 1      -    0.0422  0.0356  
 2   0.0422     -    0.0394  
 3   0.0356  0.0394     -    

Average distances (expected heterozygosity) between individuals in same cluster:
cluster  1  : 0.9076 
cluster  2  : 0.8338 
cluster  3  : 0.8195 

--------------------------------------------
Estimated Ln Prob of Data   = -55590.4
Mean value of ln likelihood = -55101.7
Variance of ln likelihood   = 977.5
Mean value of alpha         = 7.0517

Mean value of alpha_local for each location:
	location  1:  10.4974  0.1023  0.2402
	location  2:  32.3548  0.9388  5.8658
	location  3:  5.6694  9.1574  59.9064
	location  4:  0.3365  18.4532  2.3231
	location  5:  0.1494  11.0871  1.0503

Mean value of Fst_1         = 0.0059
Mean value of Fst_2         = 0.0692
Mean value of Fst_3         = 0.0462

Mean value of r = 0.0590

Inferred ancestry of individuals:
        Label (%Miss) Pop:  Inferred clusters
  1 Lion_Lion1    (0)    1 :  0.976 0.008 0.016 
  2 Lion_Lion2    (0)    1 :  0.962 0.011 0.027 
  3 Lion_Lion3    (0)    1 :  0.966 0.011 0.023 
  4 Lion_Lion4    (0)    1 :  0.970 0.011 0.019 
  5 Lion_Lion5    (0)    1 :  0.978 0.007 0.015 
  6 Lion_Lion6    (0)    1 :  0.980 0.005 0.015 
  7 Lion_Lion7    (0)    1 :  0.976 0.007 0.017 
  8 Lion_Lion8    (0)    1 :  0.974 0.008 0.018 
  9 Lion_Lion9    (0)    1 :  0.949 0.022 0.029 
 10 Lion_Lion10    (0)    1 :  0.985 0.005 0.011 
 11 Lion_Lion11    (0)    1 :  0.970 0.007 0.023 
 12 Lion_Lion13    (0)    1 :  0.972 0.010 0.017 
 13 Lion_Lion14    (0)    1 :  0.973 0.011 0.016 
 14 Lion_Lion15    (0)    1 :  0.980 0.006 0.014 
 15 Lion_Lion16    (0)    1 :  0.982 0.005 0.013 
 16 Lion_Lion17    (0)    1 :  0.976 0.008 0.016 
 17 Lion_Lion18    (0)    1 :  0.981 0.005 0.014 
 18 Lion_Lion19    (0)    1 :  0.957 0.010 0.033 
 19 Lion_Lion20    (0)    1 :  0.968 0.009 0.023 
 20 Lion_Lion21    (0)    1 :  0.981 0.006 0.013 
 21 Lion_Lion22    (0)    1 :  0.981 0.006 0.013 
 22 Lion_Lion23    (0)    1 :  0.981 0.006 0.013 
 23 Lion_Lion24    (0)    1 :  0.964 0.006 0.030 
 24 Lion_Lion25    (0)    1 :  0.968 0.009 0.023 
 25 Lion_Lion26    (0)    1 :  0.979 0.007 0.014 
 26 Lion_Lion27    (0)    1 :  0.975 0.006 0.019 
 27 Lion_Lion28    (0)    1 :  0.976 0.009 0.015 
 28 Lion_Lion29    (0)    1 :  0.984 0.005 0.012 
 29 Lion_Lion30    (0)    1 :  0.969 0.010 0.021 
 30 Lion_Lion31    (0)    1 :  0.978 0.006 0.016 
 31 Lion_Lion32    (0)    1 :  0.986 0.004 0.010 
 32 Lion_Lion33    (0)    1 :  0.979 0.007 0.013 
 33 Lion_Lion34    (0)    1 :  0.979 0.009 0.012 
 34 Lion_Lion36    (0)    1 :  0.978 0.006 0.016 
 35 Lion_Lion38    (0)    1 :  0.978 0.004 0.018 
 36 Lion_Lion39    (0)    1 :  0.981 0.006 0.013 
 37 Lion_Lion40    (0)    1 :  0.960 0.007 0.033 
 38 Lion_Lion41    (0)    1 :  0.968 0.006 0.026 
 39 Lion_Lion42    (0)    1 :  0.977 0.006 0.017 
 40 Lion_Lion43    (0)    1 :  0.976 0.008 0.016 
 41 Lion_Lion44    (0)    1 :  0.968 0.006 0.026 
 42 Lion_Lion45    (0)    1 :  0.966 0.015 0.019 
 43 Lion_Lion46    (0)    1 :  0.956 0.017 0.027 
 44 Lion_Lion47    (0)    1 :  0.966 0.010 0.025 
 45 Lion_Lion48    (0)    1 :  0.977 0.006 0.017 
 46 Lion_Lion49    (0)    1 :  0.974 0.006 0.020 
 47 Lion_Lion50    (0)    1 :  0.974 0.007 0.019 
 48 Lion_Lion51    (0)    1 :  0.980 0.005 0.015 
 49 Lion_Lion52    (0)    1 :  0.970 0.008 0.023 
 50 Lolo_Lolo1    (0)    1 :  0.965 0.009 0.026 
 51 Lolo_Lolo2    (0)    1 :  0.971 0.011 0.018 
 52 Lolo_Lolo3    (0)    1 :  0.973 0.008 0.019 
 53 Lolo_Lolo4    (0)    1 :  0.976 0.009 0.015 
 54 Lolo_Lolo5    (0)    1 :  0.960 0.010 0.030 
 55 Lolo_Lolo6    (0)    1 :  0.966 0.018 0.016 
 56 Lolo_Lolo7    (0)    1 :  0.979 0.006 0.015 
 57 Lolo_Lolo8    (0)    1 :  0.967 0.014 0.019 
 58 Lolo_Lolo9    (0)    1 :  0.971 0.009 0.019 
 59 Manu_Manu1    (0)    1 :  0.976 0.006 0.018 
 60 Manu_Manu2    (0)    1 :  0.972 0.008 0.020 
 61 Manu_Manu3    (0)    1 :  0.980 0.005 0.015 
 62 Manu_Manu4    (0)    1 :  0.959 0.009 0.031 
 63 Manu_Manu5    (0)    1 :  0.964 0.021 0.015 
 64 Manu_Manu6    (0)    1 :  0.980 0.005 0.014 
 65 Manu_Manu7    (0)    1 :  0.980 0.006 0.013 
 66 Manu_Manu8    (0)    1 :  0.977 0.006 0.017 
 67 Manu_Manu9    (0)    1 :  0.952 0.012 0.037 
 68 Manu_Manu10    (0)    1 :  0.976 0.010 0.014 
 69 Manu_Manu11    (0)    1 :  0.978 0.007 0.015 
 70 Manu_Manu13    (0)    1 :  0.950 0.008 0.042 
 71 Manu_Manu14    (0)    1 :  0.983 0.005 0.012 
 72 Manu_Manu15    (0)    1 :  0.980 0.006 0.014 
 73   Go_Go1    (0)    2 :  0.823 0.024 0.152 
 74   Go_Go2    (0)    2 :  0.814 0.027 0.159 
 75   Go_Go3    (0)    2 :  0.828 0.023 0.148 
 76   Go_Go4    (0)    2 :  0.835 0.021 0.144 
 77   Go_Go5    (0)    2 :  0.826 0.025 0.149 
 78   Go_Go6    (0)    2 :  0.840 0.020 0.140 
 79   Go_Go7    (0)    2 :  0.820 0.022 0.157 
 80   Go_Go8    (0)    2 :  0.833 0.020 0.147 
 81   Go_Go9    (0)    2 :  0.834 0.032 0.135 
 82  Go_Go10    (0)    2 :  0.830 0.023 0.147 
 83  Go_Go11    (0)    2 :  0.828 0.022 0.151 
 84  Go_Go12    (0)    2 :  0.826 0.025 0.149 
 85  Go_Go13    (0)    2 :  0.840 0.024 0.136 
 86  Go_Go14    (0)    2 :  0.823 0.027 0.150 
 87  Go_Go15    (0)    2 :  0.826 0.023 0.152 
 88  Go_Go16    (0)    2 :  0.833 0.022 0.145 
 89  Go_Go17    (0)    2 :  0.827 0.024 0.149 
 90  Go_Go18    (0)    2 :  0.818 0.025 0.157 
 91  Go_Go19    (0)    2 :  0.807 0.030 0.163 
 92  Go_Go20    (0)    2 :  0.830 0.020 0.149 
 93  Go_Go21    (0)    2 :  0.832 0.023 0.145 
 94  Go_Go22    (0)    2 :  0.833 0.023 0.144 
 95  Go_Go23    (0)    2 :  0.811 0.026 0.163 
 96  Go_Go24    (0)    2 :  0.831 0.024 0.144 
 97  Go_Go25    (0)    2 :  0.812 0.023 0.165 
 98  Go_Go27    (0)    2 :  0.813 0.036 0.151 
 99  Go_Go28    (0)    2 :  0.817 0.034 0.149 
100  Go_Go29    (0)    2 :  0.786 0.031 0.183 
101  Go_Go30    (0)    2 :  0.852 0.022 0.126 
102  Go_Go31    (0)    2 :  0.811 0.022 0.167 
103  Go_Go32    (0)    2 :  0.811 0.029 0.160 
104  Go_Go33    (0)    2 :  0.843 0.023 0.134 
105  Go_Go34    (0)    2 :  0.816 0.023 0.161 
106  Go_Go35    (0)    2 :  0.816 0.025 0.159 
107  Go_Go36    (0)    2 :  0.818 0.020 0.161 
108  Go_Go37    (0)    2 :  0.831 0.023 0.146 
109  Go_Go38    (0)    2 :  0.847 0.019 0.134 
110  Go_Go39    (0)    2 :  0.800 0.025 0.174 
111  Go_Go40    (0)    2 :  0.821 0.022 0.157 
112  Go_Go41    (0)    2 :  0.821 0.021 0.158 
113  Go_Go42    (0)    2 :  0.779 0.030 0.192 
114  Go_Go43    (0)    2 :  0.799 0.026 0.175 
115  Go_Go44    (0)    2 :  0.827 0.028 0.144 
116  Go_Go45    (0)    2 :  0.834 0.021 0.145 
117  Go_Go46    (0)    2 :  0.824 0.024 0.152 
118  Go_Go47    (0)    2 :  0.827 0.027 0.146 
119  Go_Go48    (0)    2 :  0.840 0.021 0.139 
120  Go_Go49    (0)    2 :  0.832 0.025 0.143 
121  Go_Go50    (0)    2 :  0.832 0.023 0.145 
122  Go_Go51    (0)    2 :  0.858 0.022 0.119 
123  Go_Go52    (0)    2 :  0.836 0.022 0.141 
124  Go_Go53    (0)    2 :  0.837 0.023 0.140 
125  Go_Go54    (0)    2 :  0.841 0.024 0.135 
126  Go_Go55    (0)    2 :  0.850 0.021 0.130 
127  Go_Go56    (0)    2 :  0.826 0.026 0.147 
128 Hie_Hie2    (0)    2 :  0.841 0.025 0.134 
129 Hie_Hie3    (0)    2 :  0.818 0.029 0.152 
130 Hie_Hie4    (0)    2 :  0.809 0.024 0.167 
131 Hie_Hie5    (0)    2 :  0.833 0.022 0.145 
132 Hie_Hie6    (0)    2 :  0.825 0.025 0.149 
133 Hie_Hie7    (0)    2 :  0.818 0.028 0.154 
134 Hie_Hie8    (0)    2 :  0.821 0.025 0.154 
135 Hie_Hie9    (0)    2 :  0.831 0.024 0.145 
136 Hie_Hie11    (0)    2 :  0.798 0.026 0.177 
137 Hie_Hie12    (0)    2 :  0.837 0.023 0.140 
138 Hie_Hie13    (0)    2 :  0.831 0.021 0.148 
139 Hie_Hie14    (0)    2 :  0.846 0.021 0.133 
140 Hie_Hie15    (0)    2 :  0.824 0.027 0.149 
141 Hie_Hie16    (0)    2 :  0.849 0.021 0.130 
142 Hie_Hie17    (0)    2 :  0.780 0.032 0.188 
143 Hie_Hie18    (0)    2 :  0.835 0.022 0.143 
144 Hie_Hie19    (0)    2 :  0.807 0.025 0.168 
145 Hie_Hie20    (0)    2 :  0.820 0.030 0.150 
146 Hie_Hie21    (0)    2 :  0.821 0.023 0.156 
147 Hie_Hie22    (0)    2 :  0.828 0.024 0.148 
148 Hie_Hie23    (0)    2 :  0.846 0.021 0.133 
149 Hie_Hie24    (0)    2 :  0.837 0.023 0.141 
150 Hie_Hie25    (0)    2 :  0.817 0.024 0.159 
151 Hie_Hie26    (0)    2 :  0.847 0.020 0.132 
152 Hie_Hie27    (0)    2 :  0.827 0.022 0.151 
153 Hie_Hie28    (0)    2 :  0.821 0.030 0.148 
154 Hie_Hie29    (0)    2 :  0.814 0.035 0.150 
155 Hie_Hie30    (0)    2 :  0.837 0.024 0.139 
156 Hie_Hie31    (0)    2 :  0.834 0.025 0.140 
157 Hie_Hie32    (0)    2 :  0.841 0.023 0.136 
158 Hie_Hie33    (0)    2 :  0.823 0.025 0.152 
159 Hie_Hie34    (0)    2 :  0.823 0.024 0.153 
160 Hie_Hie35    (0)    2 :  0.825 0.022 0.153 
161 Hie_Hie36    (0)    2 :  0.831 0.022 0.147 
162 Hie_Hie37    (0)    2 :  0.826 0.025 0.148 
163 Hie_Hie38    (0)    2 :  0.835 0.028 0.137 
164 Hie_Hie39    (0)    2 :  0.825 0.023 0.153 
165 Hie_Hie40    (0)    2 :  0.835 0.023 0.142 
166 Hie_Hie41    (0)    2 :  0.838 0.024 0.138 
167 Hie_Hie42    (0)    2 :  0.781 0.036 0.183 
168 Hie_Hie43    (0)    2 :  0.810 0.038 0.152 
169 Hie_Hie44    (0)    2 :  0.835 0.019 0.146 
170 Hie_Hie45    (0)    2 :  0.798 0.025 0.177 
171 Hie_Hie46    (0)    2 :  0.828 0.025 0.147 
172 Hie_Hie47    (0)    2 :  0.842 0.021 0.137 
173 Hie_Hie48    (0)    2 :  0.826 0.023 0.151 
174 Hie_Hie49    (0)    2 :  0.843 0.020 0.137 
175 Lar_Lar1    (0)    2 :  0.845 0.020 0.135 
176 Lar_Lar2    (0)    2 :  0.841 0.025 0.134 
177 Lar_Lar3    (0)    2 :  0.809 0.033 0.159 
178 Lar_Lar4    (0)    2 :  0.822 0.026 0.152 
179 Lar_Lar5    (0)    2 :  0.832 0.023 0.145 
180 Lar_Lar6    (0)    2 :  0.841 0.023 0.136 
181 Lar_Lar7    (0)    2 :  0.797 0.028 0.175 
182 Lar_Lar8    (0)    2 :  0.818 0.023 0.159 
183 Lar_Lar10    (0)    2 :  0.822 0.026 0.152 
184 Lar_Lar11    (0)    2 :  0.828 0.028 0.143 
185 Lar_Lar12    (0)    2 :  0.808 0.027 0.166 
186 Lar_Lar14    (0)    2 :  0.831 0.021 0.148 
187 Lar_Lar15    (0)    2 :  0.832 0.025 0.143 
188 Lar_Lar16    (0)    2 :  0.835 0.024 0.141 
189 Lar_Lar17    (0)    2 :  0.798 0.022 0.179 
190 Lar_Lar18    (0)    2 :  0.824 0.023 0.152 
191 Lar_Lar19    (0)    2 :  0.833 0.024 0.143 
192 Lar_Lar20    (0)    2 :  0.802 0.035 0.163 
193 Lar_Lar21    (0)    2 :  0.852 0.020 0.128 
194 Lar_Lar22    (0)    2 :  0.825 0.023 0.152 
195 Lar_Lar23    (0)    2 :  0.843 0.022 0.135 
196 Lar_Lar24    (0)    2 :  0.823 0.024 0.153 
197 Lar_Lar25    (0)    2 :  0.824 0.029 0.147 
198 Lar_Lar26    (0)    2 :  0.827 0.026 0.147 
199 Lar_Lar27    (0)    2 :  0.824 0.023 0.152 
200 Lar_Lar28    (0)    2 :  0.837 0.027 0.136 
201 Lar_Lar29    (0)    2 :  0.841 0.023 0.136 
202 Lar_Lar30    (0)    2 :  0.824 0.024 0.152 
203 Lar_Lar31    (0)    2 :  0.832 0.024 0.144 
204 Lar_Lar32    (0)    2 :  0.809 0.023 0.168 
205 Lar_Lar33    (0)    2 :  0.819 0.030 0.151 
206 Lar_Lar34    (0)    2 :  0.811 0.022 0.167 
207 Lar_Lar35    (0)    2 :  0.837 0.021 0.142 
208 Lar_Lar36    (0)    2 :  0.810 0.040 0.149 
209 Lar_Lar37    (0)    2 :  0.837 0.022 0.141 
210 Lar_Lar38    (0)    2 :  0.842 0.021 0.137 
211 Lar_Lar39    (0)    2 :  0.819 0.028 0.153 
212 Lar_Lar40    (0)    2 :  0.826 0.022 0.151 
213 Lar_Lar41    (0)    2 :  0.852 0.020 0.128 
214 Lar_Lar42    (0)    2 :  0.837 0.026 0.137 
215 Lar_Lar43    (0)    2 :  0.785 0.036 0.179 
216 Lar_Lar44    (0)    2 :  0.817 0.029 0.154 
217 Lar_Lar45    (0)    2 :  0.829 0.022 0.148 
218 Lar_Lar46    (0)    2 :  0.851 0.020 0.128 
219 Lar_Lar47    (0)    2 :  0.836 0.024 0.140 
220 Lar_Lar48    (0)    2 :  0.820 0.022 0.158 
221 Lar_Lar49    (0)    2 :  0.816 0.032 0.152 
222 Lar_Lar50    (0)    2 :  0.846 0.021 0.133 
223 Lar_Lar51    (0)    2 :  0.819 0.023 0.158 
224 Lar_Lar52    (0)    2 :  0.839 0.023 0.139 
225 Lar_Lar53    (0)    2 :  0.858 0.020 0.122 
226 Mara_Mara1    (0)    2 :  0.840 0.023 0.137 
227 Mara_Mara2    (0)    2 :  0.837 0.022 0.141 
228 Mara_Mara3    (0)    2 :  0.830 0.020 0.150 
229 Mara_Mara4    (0)    2 :  0.834 0.027 0.139 
230 Mara_Mara5    (0)    2 :  0.844 0.021 0.135 
231 Mara_Mara6    (0)    2 :  0.838 0.025 0.138 
232 Mara_Mara7    (0)    2 :  0.839 0.024 0.137 
233 Mara_Mara8    (0)    2 :  0.822 0.022 0.156 
234 Mara_Mara9    (0)    2 :  0.844 0.020 0.136 
235 Mara_Mara1_    (0)    2 :  0.799 0.034 0.167 
236 Mara_Mara1_    (0)    2 :  0.817 0.030 0.153 
237 Mara_Mara1_    (0)    2 :  0.825 0.025 0.150 
238 Mara_Mara1_    (0)    2 :  0.840 0.026 0.134 
239 Mara_Mara1_    (0)    2 :  0.816 0.042 0.142 
240 Mara_Mara1_    (0)    2 :  0.821 0.025 0.154 
241 Mara_Mara1_    (0)    2 :  0.817 0.024 0.159 
242 Mara_Mara1_    (0)    2 :  0.825 0.023 0.152 
243 Mara_Mara1_    (0)    2 :  0.831 0.025 0.144 
244 Mara_Mara1_    (0)    2 :  0.832 0.023 0.145 
245 Mara_Mara2_    (0)    2 :  0.820 0.024 0.156 
246 Mara_Mara2_    (0)    2 :  0.812 0.031 0.156 
247 Mara_Mara2_    (0)    2 :  0.844 0.021 0.135 
248 Mara_Mara2_    (0)    2 :  0.838 0.023 0.139 
249 Mara_Mara2_    (0)    2 :  0.838 0.024 0.138 
250 Mara_Mara2_    (0)    2 :  0.813 0.023 0.164 
251 Mara_Mara2_    (0)    2 :  0.841 0.021 0.138 
252 Mara_Mara2_    (0)    2 :  0.828 0.023 0.149 
253 Mara_Mara2_    (0)    2 :  0.828 0.033 0.139 
254 Mara_Mara2_    (0)    2 :  0.808 0.032 0.160 
255 Mara_Mara3_    (0)    2 :  0.805 0.044 0.151 
256 Mara_Mara3_    (0)    2 :  0.806 0.028 0.167 
257 Mara_Mara3_    (0)    2 :  0.835 0.022 0.142 
258 Mara_Mara3_    (0)    2 :  0.826 0.025 0.150 
259 Mara_Mara3_    (0)    2 :  0.821 0.031 0.148 
260 Mara_Mara3_    (0)    2 :  0.820 0.028 0.152 
261 Mara_Mara3_    (0)    2 :  0.827 0.027 0.146 
262 Mara_Mara3_    (0)    2 :  0.822 0.022 0.156 
263 Mara_Mara3_    (0)    2 :  0.843 0.020 0.137 
264 Mara_Mara3_    (0)    2 :  0.821 0.023 0.156 
265 Mara_Mara4_    (0)    2 :  0.792 0.026 0.181 
266 Mara_Mara4_    (0)    2 :  0.844 0.022 0.134 
267 Mara_Mara4_    (0)    2 :  0.826 0.022 0.152 
268 Mara_Mara4_    (0)    2 :  0.837 0.024 0.138 
269 Mara_Mara4_    (0)    2 :  0.836 0.021 0.143 
270 Mara_Mara4_    (0)    2 :  0.834 0.021 0.145 
271 Mara_Mara4_    (0)    2 :  0.816 0.023 0.162 
272 Mara_Mara4_    (0)    2 :  0.825 0.022 0.153 
273 Mara_Mara4_    (0)    2 :  0.845 0.029 0.126 
274 Mara_Mara4_    (0)    2 :  0.836 0.022 0.143 
275 Mara_Mara5_    (0)    2 :  0.834 0.024 0.142 
276 Mara_Mara5_    (0)    2 :  0.840 0.024 0.135 
277 Mara_Mara5_    (0)    2 :  0.804 0.032 0.164 
278 MBO_MBO1    (0)    2 :  0.809 0.022 0.170 
279 MBO_MBO2    (0)    2 :  0.804 0.028 0.167 
280 MBO_MBO3    (0)    2 :  0.838 0.019 0.143 
281 MBO_MBO4    (0)    2 :  0.821 0.024 0.155 
282 MBO_MBO6    (0)    2 :  0.818 0.022 0.160 
283 MBO_MBO7    (0)    2 :  0.849 0.024 0.127 
284 MBO_MBO8    (0)    2 :  0.799 0.024 0.176 
285 MBO_MBO9    (0)    2 :  0.797 0.026 0.177 
286 MBO_MBO10    (0)    2 :  0.830 0.023 0.148 
287 MBO_MBO11    (0)    2 :  0.837 0.024 0.138 
288 MBO_MBO12    (0)    2 :  0.848 0.022 0.130 
289 MBO_MBO13    (0)    2 :  0.838 0.021 0.141 
290 MBO_MBO14    (0)    2 :  0.837 0.024 0.139 
291 MBO_MBO15    (0)    2 :  0.816 0.024 0.159 
292 MBO_MBO16    (0)    2 :  0.832 0.020 0.148 
293 MBO_MBO17    (0)    2 :  0.831 0.023 0.145 
294 MBO_MBO18    (0)    2 :  0.810 0.025 0.165 
295 MBO_MBO19    (0)    2 :  0.820 0.023 0.157 
296 MBO_MBO20    (0)    2 :  0.828 0.032 0.141 
297 MBO_MBO21    (0)    2 :  0.839 0.022 0.139 
298 MBO_MBO22    (0)    2 :  0.839 0.023 0.138 
299 MBO_MBO23    (0)    2 :  0.831 0.026 0.142 
300 MBO_MBO24    (0)    2 :  0.842 0.024 0.134 
301 MBO_MBO25    (0)    2 :  0.839 0.022 0.139 
302 MBO_MBO26    (0)    2 :  0.833 0.023 0.144 
303 MBO_MBO27    (0)    2 :  0.828 0.024 0.147 
304 MBO_MBO28    (0)    2 :  0.825 0.028 0.147 
305 MBO_MBO29    (0)    2 :  0.826 0.028 0.146 
306 MBO_MBO30    (0)    2 :  0.843 0.023 0.134 
307 MBO_MBO31    (0)    2 :  0.815 0.023 0.161 
308 MBO_MBO32    (0)    2 :  0.839 0.023 0.138 
309 MBO_MBO33    (0)    2 :  0.818 0.024 0.157 
310 MBO_MBO34    (0)    2 :  0.835 0.024 0.141 
311 MBO_MBO35    (0)    2 :  0.842 0.020 0.138 
312 MBO_MBO36    (0)    2 :  0.833 0.028 0.139 
313 MBO_MBO37    (0)    2 :  0.817 0.025 0.158 
314 MBO_MBO38    (0)    2 :  0.814 0.023 0.163 
315 MBO_MBO39    (0)    2 :  0.845 0.020 0.135 
316 MBO_MBO40    (0)    2 :  0.829 0.023 0.147 
317 MBO_MBO41    (0)    2 :  0.804 0.021 0.175 
318 MBO_MBO42    (0)    2 :  0.828 0.023 0.150 
319 MBO_MBO43    (0)    2 :  0.851 0.019 0.130 
320 MBO_MBO44    (0)    2 :  0.828 0.023 0.149 
321 MBO_MBO45    (0)    2 :  0.813 0.024 0.163 
322 MBO_MBO46    (0)    2 :  0.826 0.023 0.151 
323 MBO_MBO47    (0)    2 :  0.828 0.023 0.149 
324 MBO_MBO48    (0)    2 :  0.836 0.021 0.142 
325 MBO_MBO49    (0)    2 :  0.827 0.023 0.150 
326 MBO_MBO50    (0)    2 :  0.840 0.022 0.138 
327 MBO_MBO51    (0)    2 :  0.847 0.023 0.130 
328 QBW_QBW1    (0)    2 :  0.828 0.022 0.151 
329 QBW_QBW2    (0)    2 :  0.845 0.020 0.135 
330 QBW_QBW3    (0)    2 :  0.830 0.023 0.148 
331 QBW_QBW4    (0)    2 :  0.786 0.030 0.184 
332 QBW_QBW5    (0)    2 :  0.838 0.026 0.136 
333 QBW_QBW6    (0)    2 :  0.843 0.023 0.134 
334 QBW_QBW7    (0)    2 :  0.815 0.022 0.163 
335 QBW_QBW8    (0)    2 :  0.822 0.025 0.152 
336 QBW_QBW9    (0)    2 :  0.820 0.036 0.144 
337 QBW_QBW10    (0)    2 :  0.828 0.025 0.147 
338 QBW_QBW11    (0)    2 :  0.827 0.021 0.151 
339 QBW_QBW12    (0)    2 :  0.815 0.023 0.162 
340 QBW_QBW13    (0)    2 :  0.829 0.023 0.147 
341 QBW_QBW14    (0)    2 :  0.840 0.022 0.139 
342 QBW_QBW15    (0)    2 :  0.822 0.026 0.152 
343 QBW_QBW16    (0)    2 :  0.817 0.025 0.158 
344 QBW_QBW17    (0)    2 :  0.812 0.025 0.163 
345 QBW_QBW18    (0)    2 :  0.832 0.021 0.147 
346 QBW_QBW19    (0)    2 :  0.848 0.021 0.130 
347 QBW_QBW20    (0)    2 :  0.843 0.021 0.136 
348 QBW_QBW21    (0)    2 :  0.824 0.022 0.154 
349 QBW_QBW22    (0)    2 :  0.829 0.024 0.147 
350 QBW_QBW23    (0)    2 :  0.839 0.021 0.140 
351 QBW_QBW24    (0)    2 :  0.845 0.023 0.133 
352 QBW_QBW25    (0)    2 :  0.831 0.027 0.142 
353 QBW_QBW26    (0)    2 :  0.825 0.025 0.151 
354 QBW_QBW27    (0)    2 :  0.841 0.021 0.138 
355 QBW_QBW28    (0)    2 :  0.828 0.022 0.150 
356 QBW_QBW29    (0)    2 :  0.822 0.022 0.156 
357 QBW_QBW30    (0)    2 :  0.834 0.022 0.144 
358 QBW_QBW31    (0)    2 :  0.820 0.023 0.158 
359 QBW_QBW32    (0)    2 :  0.817 0.025 0.158 
360 QBW_QBW33    (0)    2 :  0.812 0.025 0.163 
361 QBW_QBW34    (0)    2 :  0.832 0.021 0.148 
362 QBW_QBW35    (0)    2 :  0.848 0.021 0.130 
363 QBW_QBW36    (0)    2 :  0.843 0.021 0.136 
364 QBW_QBW37    (0)    2 :  0.838 0.026 0.136 
365 QBW_QBW38    (0)    2 :  0.829 0.026 0.145 
366 QBW_QBW39    (0)    2 :  0.830 0.022 0.147 
367 QBW_QBW40    (0)    2 :  0.836 0.024 0.140 
368 QBW_QBW41    (0)    2 :  0.829 0.031 0.141 
369 QBW_QBW42    (0)    2 :  0.822 0.021 0.157 
370 QBW_QBW43    (0)    2 :  0.832 0.038 0.130 
371 QBW_QBW44    (0)    2 :  0.831 0.028 0.140 
372 QBW_QBW45    (0)    2 :  0.824 0.031 0.145 
373 QBW_QBW46    (0)    2 :  0.837 0.020 0.143 
374 QBW_QBW47    (0)    2 :  0.823 0.025 0.152 
375 QBW_QBW48    (0)    2 :  0.841 0.020 0.139 
376 QBW_QBW49    (0)    2 :  0.818 0.033 0.149 
377 QBW_QBW50    (0)    2 :  0.812 0.023 0.165 
378 QBW_QBW51    (0)    2 :  0.781 0.026 0.194 
379 QBW_QBW52    (0)    2 :  0.844 0.020 0.136 
380 QBW_QBW53    (0)    2 :  0.817 0.022 0.161 
381 QBW_QBW54    (0)    2 :  0.830 0.024 0.146 
382 Ten_Ten1    (0)    2 :  0.842 0.026 0.132 
383 Ten_Ten2    (0)    2 :  0.841 0.022 0.137 
384 Ten_Ten3    (0)    2 :  0.834 0.027 0.140 
385 Ten_Ten4    (0)    2 :  0.820 0.021 0.159 
386 Ten_Ten5    (0)    2 :  0.842 0.021 0.137 
387 Ten_Ten6    (0)    2 :  0.848 0.021 0.130 
388 Ten_Ten7    (0)    2 :  0.788 0.034 0.178 
389 Ten_Ten8    (0)    2 :  0.830 0.022 0.148 
390 Ten_Ten9    (0)    2 :  0.823 0.025 0.152 
391 Ten_Ten10    (0)    2 :  0.819 0.024 0.157 
392 Ten_Ten11    (0)    2 :  0.835 0.028 0.137 
393 Ten_Ten12    (0)    2 :  0.825 0.026 0.150 
394 Ten_Ten13    (0)    2 :  0.825 0.030 0.145 
395 Ten_Ten14    (0)    2 :  0.819 0.022 0.159 
396 Ten_Ten15    (0)    2 :  0.814 0.024 0.162 
397 Ten_Ten16    (0)    2 :  0.845 0.022 0.133 
398 Ten_Ten17    (0)    2 :  0.812 0.021 0.167 
399 Ten_Ten18    (0)    2 :  0.828 0.028 0.144 
400 Ten_Ten19    (0)    2 :  0.819 0.024 0.158 
401 Ten_Ten20    (0)    2 :  0.827 0.024 0.150 
402 Ten_Ten21    (0)    2 :  0.817 0.022 0.161 
403 Ten_Ten22    (0)    2 :  0.838 0.020 0.142 
404 Ten_Ten23    (0)    2 :  0.806 0.023 0.171 
405 Ten_Ten24    (0)    2 :  0.823 0.024 0.152 
406 Ten_Ten25    (0)    2 :  0.832 0.028 0.140 
407 Ten_Ten26    (0)    2 :  0.810 0.023 0.167 
408 Ten_Ten27    (0)    2 :  0.823 0.021 0.155 
409 Ten_Ten28    (0)    2 :  0.812 0.027 0.162 
410 Ten_Ten29    (0)    2 :  0.846 0.020 0.134 
411 Ten_Ten30    (0)    2 :  0.845 0.021 0.134 
412 Ten_Ten31    (0)    2 :  0.809 0.025 0.166 
413 Ten_Ten32    (0)    2 :  0.833 0.022 0.146 
414 Ten_Ten33    (0)    2 :  0.810 0.026 0.164 
415 Ten_Ten34    (0)    2 :  0.849 0.021 0.130 
416 Ten_Ten35    (0)    2 :  0.835 0.020 0.145 
417 Ten_Ten36    (0)    2 :  0.812 0.030 0.158 
418 Ten_Ten37    (0)    2 :  0.853 0.020 0.127 
419 Ten_Ten38    (0)    2 :  0.842 0.024 0.134 
420 Ten_Ten39    (0)    2 :  0.828 0.032 0.140 
421 Ten_Ten40    (0)    2 :  0.836 0.021 0.143 
422 Ten_Ten41    (0)    2 :  0.835 0.021 0.145 
423 Ten_Ten42    (0)    2 :  0.811 0.037 0.152 
424 Ten_Ten43    (0)    2 :  0.844 0.022 0.134 
425 Ten_Ten44    (0)    2 :  0.832 0.032 0.136 
426 Ten_Ten45    (0)    2 :  0.846 0.020 0.134 
427 Ten_Ten46    (0)    2 :  0.820 0.022 0.158 
428 Ten_Ten47    (0)    2 :  0.815 0.020 0.165 
429 Ten_Ten48    (0)    2 :  0.831 0.028 0.142 
430 Ten_Ten49    (0)    2 :  0.849 0.022 0.129 
431 Ten_Ten50    (0)    2 :  0.827 0.022 0.151 
432 Ten_Ten51    (0)    2 :  0.849 0.019 0.132 
433 Ten_Ten52    (0)    2 :  0.801 0.029 0.169 
434 Tote_Tote1    (0)    2 :  0.840 0.023 0.138 
435 Tote_Tote2    (0)    2 :  0.794 0.026 0.180 
436 Tote_Tote3    (0)    2 :  0.830 0.022 0.148 
437 Tote_Tote4    (0)    2 :  0.836 0.028 0.137 
438 Tote_Tote5    (0)    2 :  0.829 0.027 0.144 
439 Tote_Tote6    (0)    2 :  0.818 0.024 0.158 
440 Tote_Tote7    (0)    2 :  0.811 0.029 0.160 
441 Tote_Tote8    (0)    2 :  0.850 0.022 0.128 
442 Tote_Tote1_    (0)    2 :  0.820 0.023 0.158 
443 Tote_Tote1_    (0)    2 :  0.843 0.021 0.136 
444 Tote_Tote1_    (0)    2 :  0.814 0.022 0.163 
445 Tote_Tote1_    (0)    2 :  0.817 0.027 0.156 
446 Tote_Tote1_    (0)    2 :  0.812 0.026 0.162 
447 Tote_Tote1_    (0)    2 :  0.817 0.029 0.154 
448 Tote_Tote1_    (0)    2 :  0.792 0.033 0.175 
449 Tote_Tote1_    (0)    2 :  0.787 0.024 0.188 
450 Tote_Tote1_    (0)    2 :  0.834 0.029 0.137 
451 Tote_Tote2_    (0)    2 :  0.825 0.024 0.151 
452 Tote_Tote2_    (0)    2 :  0.830 0.024 0.146 
453 Tote_Tote2_    (0)    2 :  0.819 0.022 0.159 
454 Tote_Tote2_    (0)    2 :  0.837 0.022 0.141 
455 Tote_Tote2_    (0)    2 :  0.824 0.029 0.147 
456 Tote_Tote2_    (0)    2 :  0.843 0.020 0.137 
457 Tote_Tote2_    (0)    2 :  0.838 0.021 0.141 
458 Tote_Tote2_    (0)    2 :  0.837 0.021 0.143 
459 Tote_Tote2_    (0)    2 :  0.830 0.021 0.148 
460 Tote_Tote2_    (0)    2 :  0.841 0.022 0.137 
461 Tote_Tote3_    (0)    2 :  0.786 0.030 0.184 
462 Tote_Tote3_    (0)    2 :  0.847 0.023 0.130 
463 Tote_Tote3_    (0)    2 :  0.829 0.024 0.147 
464 Tote_Tote3_    (0)    2 :  0.829 0.025 0.147 
465 Tote_Tote3_    (0)    2 :  0.825 0.021 0.153 
466 Tote_Tote3_    (0)    2 :  0.825 0.030 0.144 
467 Tote_Tote3_    (0)    2 :  0.819 0.034 0.147 
468 Tote_Tote3_    (0)    2 :  0.825 0.022 0.153 
469 Tote_Tote3_    (0)    2 :  0.823 0.023 0.154 
470 Tote_Tote3_    (0)    2 :  0.793 0.031 0.176 
471 Tote_Tote4_    (0)    2 :  0.823 0.024 0.153 
472 Tote_Tote4_    (0)    2 :  0.841 0.023 0.136 
473 Tote_Tote4_    (0)    2 :  0.846 0.020 0.134 
474 Tote_Tote4_    (0)    2 :  0.808 0.029 0.163 
475 Tote_Tote4_    (0)    2 :  0.815 0.026 0.159 
476 Tote_Tote4_    (0)    2 :  0.822 0.025 0.153 
477 Tote_Tote4_    (0)    2 :  0.813 0.025 0.162 
478 Tote_Tote4_    (0)    2 :  0.843 0.024 0.133 
479 Tote_Tote4_    (0)    2 :  0.841 0.028 0.131 
480 Tote_Tote4_    (0)    2 :  0.835 0.033 0.132 
481 Tote_Tote5_    (0)    2 :  0.821 0.023 0.157 
482 Tote_Tote5_    (0)    2 :  0.819 0.022 0.159 
483 Tote_Tote5_    (0)    2 :  0.822 0.022 0.156 
484 Tote_Tote5_    (0)    2 :  0.847 0.019 0.134 
485 Tote_Tote5_    (0)    2 :  0.825 0.024 0.151 
486 Tote_Tote5_    (0)    2 :  0.841 0.019 0.139 
487 Taga_Taga1    (0)    3 :  0.070 0.121 0.809 
488 Taga_Taga2    (0)    3 :  0.077 0.124 0.799 
489 Taga_Taga3    (0)    3 :  0.075 0.112 0.814 
490 Taga_Taga4    (0)    3 :  0.072 0.120 0.808 
491 Taga_Taga5    (0)    3 :  0.074 0.126 0.800 
492 Taga_Taga6    (0)    3 :  0.083 0.120 0.796 
493 Taga_Taga7    (0)    3 :  0.076 0.119 0.805 
494 Taga_Taga8    (0)    3 :  0.075 0.127 0.798 
495 Taga_Taga9    (0)    3 :  0.072 0.115 0.813 
496 Taga_Taga1_    (0)    3 :  0.084 0.123 0.794 
497 Taga_Taga1_    (0)    3 :  0.076 0.139 0.785 
498 Taga_Taga1_    (0)    3 :  0.077 0.124 0.799 
499 Taga_Taga1_    (0)    3 :  0.078 0.113 0.810 
500 Taga_Taga1_    (0)    3 :  0.074 0.120 0.806 
501 Taga_Taga1_    (0)    3 :  0.073 0.116 0.810 
502 Taga_Taga1_    (0)    3 :  0.071 0.132 0.796 
503 Taga_Taga1_    (0)    3 :  0.073 0.136 0.792 
504 Taga_Taga1_    (0)    3 :  0.074 0.127 0.799 
505 Taga_Taga1_    (0)    3 :  0.072 0.127 0.801 
506 Taga_Taga2_    (0)    3 :  0.072 0.124 0.804 
507 Taga_Taga2_    (0)    3 :  0.070 0.119 0.811 
508 Taga_Taga2_    (0)    3 :  0.081 0.126 0.793 
509 Taga_Taga2_    (0)    3 :  0.085 0.121 0.794 
510 Taga_Taga2_    (0)    3 :  0.076 0.119 0.806 
511 Taga_Taga2_    (0)    3 :  0.075 0.120 0.805 
512 Taga_Taga2_    (0)    3 :  0.072 0.119 0.808 
513 Taga_Taga2_    (0)    3 :  0.071 0.124 0.805 
514 Taga_Taga2_    (0)    3 :  0.077 0.113 0.811 
515 Taga_Taga2_    (0)    3 :  0.073 0.128 0.798 
516 Taga_Taga3_    (0)    3 :  0.077 0.126 0.797 
517 Taga_Taga3_    (0)    3 :  0.074 0.112 0.813 
518 Taga_Taga3_    (0)    3 :  0.073 0.117 0.810 
519 Taga_Taga3_    (0)    3 :  0.070 0.132 0.799 
520 Taga_Taga3_    (0)    3 :  0.090 0.112 0.797 
521 Taga_Taga3_    (0)    3 :  0.074 0.117 0.809 
522 Taga_Taga3_    (0)    3 :  0.071 0.123 0.806 
523 Taga_Taga3_    (0)    3 :  0.079 0.120 0.801 
524 Taga_Taga3_    (0)    3 :  0.077 0.124 0.799 
525 Taga_Taga3_    (0)    3 :  0.071 0.124 0.806 
526 Taga_Taga4_    (0)    3 :  0.073 0.123 0.804 
527 Taga_Taga4_    (0)    3 :  0.070 0.121 0.809 
528 Taga_Taga4_    (0)    3 :  0.068 0.121 0.812 
529 Taga_Taga4_    (0)    3 :  0.082 0.127 0.791 
530 Taga_Taga4_    (0)    3 :  0.077 0.118 0.805 
531 Taga_Taga4_    (0)    3 :  0.077 0.114 0.809 
532 Taga_Taga4_    (0)    3 :  0.087 0.122 0.791 
533 Taga_Taga4_    (0)    3 :  0.080 0.114 0.806 
534 Taga_Taga4_    (0)    3 :  0.081 0.127 0.792 
535 Taga_Taga4_    (0)    3 :  0.075 0.130 0.795 
536 Taga_Taga5_    (0)    3 :  0.070 0.120 0.810 
537 Taga_Taga5_    (0)    3 :  0.075 0.123 0.801 
538 Taga_Taga5_    (0)    3 :  0.070 0.124 0.806 
539 Mata_Mata1    (0)    3 :  0.073 0.128 0.799 
540 Mata_Mata2    (0)    3 :  0.070 0.118 0.812 
541 Mata_Mata3    (0)    3 :  0.069 0.127 0.804 
542 Mata_Mata4    (0)    3 :  0.073 0.131 0.797 
543 Mata_Mata5    (0)    3 :  0.077 0.124 0.799 
544 Mata_Mata6    (0)    3 :  0.072 0.118 0.810 
545 Mata_Mata7    (0)    3 :  0.080 0.124 0.796 
546 Mata_Mata8    (0)    3 :  0.076 0.127 0.797 
547 Mata_Mata9    (0)    3 :  0.077 0.134 0.789 
548 Mata_Mata1_    (0)    3 :  0.071 0.133 0.797 
549 Mata_Mata1_    (0)    3 :  0.077 0.121 0.801 
550 Mata_Mata1_    (0)    3 :  0.081 0.123 0.797 
551 Mata_Mata1_    (0)    3 :  0.084 0.123 0.793 
552 Mata_Mata1_    (0)    3 :  0.072 0.124 0.804 
553 Mata_Mata1_    (0)    3 :  0.081 0.141 0.778 
554 Mata_Mata1_    (0)    3 :  0.074 0.129 0.798 
555 Mata_Mata1_    (0)    3 :  0.071 0.128 0.801 
556 Mata_Mata1_    (0)    3 :  0.077 0.128 0.796 
557 Mata_Mata1_    (0)    3 :  0.075 0.119 0.806 
558 Mata_Mata2_    (0)    3 :  0.088 0.124 0.788 
559 Mata_Mata2_    (0)    3 :  0.081 0.114 0.804 
560 Mata_Mata2_    (0)    3 :  0.076 0.126 0.798 
561 Mata_Mata2_    (0)    3 :  0.082 0.132 0.786 
562 Mata_Mata2_    (0)    3 :  0.085 0.114 0.801 
563 Mata_Mata2_    (0)    3 :  0.081 0.111 0.808 
564 Mata_Mata2_    (0)    3 :  0.078 0.114 0.808 
565 Mata_Mata2_    (0)    3 :  0.071 0.119 0.810 
566 Mata_Mata2_    (0)    3 :  0.088 0.130 0.783 
567 Mata_Mata3_    (0)    3 :  0.076 0.115 0.808 
568 Mata_Mata3_    (0)    3 :  0.077 0.125 0.798 
569 Mata_Mata3_    (0)    3 :  0.079 0.118 0.803 
570 Mata_Mata3_    (0)    3 :  0.071 0.121 0.807 
571 Mata_Mata3_    (0)    3 :  0.072 0.120 0.808 
572 Mata_Mata3_    (0)    3 :  0.072 0.130 0.798 
573 Mata_Mata3_    (0)    3 :  0.078 0.129 0.794 
574 Mata_Mata3_    (0)    3 :  0.073 0.126 0.801 
575 Mata_Mata3_    (0)    3 :  0.069 0.114 0.817 
576 Mata_Mata4_    (0)    3 :  0.069 0.124 0.807 
577 Mata_Mata4_    (0)    3 :  0.069 0.126 0.805 
578 Mata_Mata4_    (0)    3 :  0.073 0.119 0.808 
579 Mata_Mata4_    (0)    3 :  0.073 0.122 0.805 
580 Mata_Mata4_    (0)    3 :  0.076 0.132 0.792 
581 Mata_Mata4_    (0)    3 :  0.069 0.116 0.815 
582 Mata_Mata4_    (0)    3 :  0.073 0.125 0.802 
583 Mata_Mata4_    (0)    3 :  0.070 0.128 0.802 
584 Mata_Mata4_    (0)    3 :  0.075 0.122 0.803 
585 Mata_Mata4_    (0)    3 :  0.069 0.125 0.806 
586 Mata_Mata5_    (0)    3 :  0.084 0.125 0.791 
587 Muaiv_Muai    (0)    3 :  0.074 0.128 0.798 
588 Muaiv_Muai_    (0)    3 :  0.074 0.139 0.786 
589 Muaiv_Muai_    (0)    3 :  0.076 0.121 0.804 
590 Muaiv_Muai_    (0)    3 :  0.072 0.139 0.789 
591 Muaiv_Muai_    (0)    3 :  0.074 0.125 0.801 
592 Muaiv_Muai_    (0)    3 :  0.077 0.128 0.796 
593 Muaiv_Muai_    (0)    3 :  0.072 0.126 0.802 
594 Muaiv_Muai_    (0)    3 :  0.076 0.124 0.800 
595 Muaiv_Muai_    (0)    3 :  0.070 0.141 0.789 
596 Muaiv_Muai_    (0)    3 :  0.072 0.121 0.806 
597 Muaiv_Muai_    (0)    3 :  0.089 0.125 0.786 
598 Muaiv_Muai_    (0)    3 :  0.073 0.139 0.788 
599 Muaiv_Muai_    (0)    3 :  0.076 0.129 0.795 
600 Muaiv_Muai_    (0)    3 :  0.080 0.128 0.792 
601 Muaiv_Muai_    (0)    3 :  0.070 0.118 0.812 
602 Muaiv_Muai_    (0)    3 :  0.077 0.118 0.805 
603 Muaiv_Muai_    (0)    3 :  0.071 0.121 0.808 
604 Muaiv_Muai_    (0)    3 :  0.093 0.129 0.778 
605 Muaiv_Muai_    (0)    3 :  0.076 0.126 0.798 
606 Muaiv_Muai_    (0)    3 :  0.069 0.131 0.800 
607 Muaiv_Muai_    (0)    3 :  0.069 0.123 0.808 
608 Muaiv_Muai_    (0)    3 :  0.075 0.132 0.793 
609 Muaiv_Muai_    (0)    3 :  0.079 0.129 0.793 
610 Muaiv_Muai_    (0)    3 :  0.077 0.137 0.786 
611 Muaiv_Muai_    (0)    3 :  0.075 0.129 0.796 
612 Muaiv_Muai_    (0)    3 :  0.072 0.124 0.805 
613 Muaiv_Muai_    (0)    3 :  0.071 0.137 0.792 
614 Muaiv_Muai_    (0)    3 :  0.076 0.115 0.809 
615 Muaiv_Muai_    (0)    3 :  0.075 0.129 0.796 
616 Muaiv_Muai_    (0)    3 :  0.074 0.128 0.798 
617 Muaiv_Muai_    (0)    3 :  0.074 0.128 0.798 
618 Muaiv_Muai_    (0)    3 :  0.077 0.123 0.800 
619 Muaiv_Muai_    (0)    3 :  0.080 0.137 0.783 
620 Muaiv_Muai_    (0)    3 :  0.073 0.114 0.813 
621 Muaiv_Muai_    (0)    3 :  0.082 0.118 0.800 
622 Muaiv_Muai_    (0)    3 :  0.079 0.126 0.794 
623 Muaiv_Muai_    (0)    3 :  0.070 0.119 0.811 
624 Muaiv_Muai_    (0)    3 :  0.075 0.128 0.797 
625 Muaiv_Muai_    (0)    3 :  0.077 0.120 0.803 
626 Muaiv_Muai_    (0)    3 :  0.076 0.120 0.804 
627 Muaiv_Muai_    (0)    3 :  0.071 0.119 0.810 
628 Muaiv_Muai_    (0)    3 :  0.071 0.126 0.803 
629 Muaiv_Muai_    (0)    3 :  0.083 0.123 0.795 
630 Muaiv_Muai_    (0)    3 :  0.069 0.121 0.810 
631 Muaiv_Muai_    (0)    3 :  0.086 0.125 0.789 
632 Muaiv_Muai_    (0)    3 :  0.083 0.132 0.785 
633 Muaiv_Muai_    (0)    3 :  0.073 0.121 0.807 
634 Muaiv_Muai_    (0)    3 :  0.082 0.122 0.797 
635 Muaiv_Muai_    (0)    3 :  0.077 0.122 0.801 
636 Muaiv_Muai_    (0)    3 :  0.072 0.124 0.805 
637 Muaiv_Muai_    (0)    3 :  0.075 0.112 0.813 
638 Muaiv_Muai_    (0)    3 :  0.076 0.122 0.802 
639 Muaiv_Muai_    (0)    3 :  0.079 0.141 0.780 
640 Muaiv_Muai_    (0)    3 :  0.072 0.118 0.810 
641 Nadi_Nadi1    (0)    3 :  0.083 0.122 0.795 
642 Nadi_Nadi2    (0)    3 :  0.070 0.119 0.811 
643 Nadi_Nadi3    (0)    3 :  0.070 0.134 0.796 
644 Nadi_Nadi4    (0)    3 :  0.078 0.113 0.809 
645 Nadi_Nadi5    (0)    3 :  0.079 0.130 0.792 
646 Nadi_Nadi7    (0)    3 :  0.081 0.118 0.801 
647 Nadi_Nadi8    (0)    3 :  0.077 0.117 0.806 
648 Nadi_Nadi9    (0)    3 :  0.073 0.121 0.806 
649 Nadi_Nadi1_    (0)    3 :  0.070 0.115 0.814 
650 Nadi_Nadi1_    (0)    3 :  0.073 0.120 0.807 
651 Nadi_Nadi1_    (0)    3 :  0.073 0.116 0.811 
652 Nadi_Nadi1_    (0)    3 :  0.077 0.116 0.807 
653 Nadi_Nadi1_    (0)    3 :  0.080 0.117 0.804 
654 Nadi_Nadi1_    (0)    3 :  0.069 0.127 0.804 
655 Nadi_Nadi1_    (0)    3 :  0.076 0.126 0.797 
656 Nadi_Nadi1_    (0)    3 :  0.072 0.120 0.808 
657 Nadi_Nadi1_    (0)    3 :  0.074 0.114 0.812 
658 Nadi_Nadi1_    (0)    3 :  0.072 0.125 0.803 
659 Nadi_Nadi2_    (0)    3 :  0.075 0.123 0.802 
660 Nadi_Nadi2_    (0)    3 :  0.088 0.123 0.789 
661 Nadi_Nadi2_    (0)    3 :  0.069 0.136 0.795 
662 Nadi_Nadi2_    (0)    3 :  0.071 0.118 0.811 
663 Nadi_Nadi2_    (0)    3 :  0.069 0.127 0.804 
664 Nadi_Nadi2_    (0)    3 :  0.075 0.123 0.802 
665 Nadi_Nadi2_    (0)    3 :  0.070 0.124 0.806 
666 Nadi_Nadi2_    (0)    3 :  0.102 0.123 0.775 
667 Nadi_Nadi2_    (0)    3 :  0.080 0.127 0.792 
668 Nadi_Nadi3_    (0)    3 :  0.069 0.120 0.811 
669 Nadi_Nadi3_    (0)    3 :  0.076 0.119 0.805 
670 Nadi_Nadi3_    (0)    3 :  0.077 0.119 0.804 
671 Nadi_Nadi3_    (0)    3 :  0.072 0.121 0.807 
672 Nadi_Nadi3_    (0)    3 :  0.075 0.127 0.798 
673 Nadi_Nadi3_    (0)    3 :  0.074 0.124 0.802 
674 Nadi_Nadi3_    (0)    3 :  0.071 0.111 0.817 
675 Nadi_Nadi3_    (0)    3 :  0.069 0.114 0.817 
676 Nadi_Nadi3_    (0)    3 :  0.069 0.131 0.800 
677 Nadi_Nadi3_    (0)    3 :  0.076 0.126 0.797 
678 Nadi_Nadi4_    (0)    3 :  0.078 0.117 0.805 
679 Nadi_Nadi4_    (0)    3 :  0.067 0.118 0.815 
680 Nadi_Nadi4_    (0)    3 :  0.073 0.130 0.797 
681 Nadi_Nadi4_    (0)    3 :  0.076 0.113 0.811 
682 Nadi_Nadi4_    (0)    3 :  0.074 0.123 0.803 
683 Nadi_Nadi4_    (0)    3 :  0.071 0.122 0.807 
684 Nadi_Nadi4_    (0)    3 :  0.077 0.117 0.806 
685 Nadi_Nadi4_    (0)    3 :  0.070 0.116 0.814 
686 Nadi_Nadi4_    (0)    3 :  0.072 0.127 0.801 
687 Nadi_Nadi4_    (0)    3 :  0.075 0.127 0.798 
688 Nadi_Nadi5_    (0)    3 :  0.077 0.115 0.808 
689 Nadi_Nadi5_    (0)    3 :  0.073 0.135 0.792 
690 Nadi_Nadi5_    (0)    3 :  0.080 0.119 0.801 
691 Nadi_Nadi5_    (0)    3 :  0.068 0.118 0.814 
692 Suva_Suva1    (0)    3 :  0.068 0.130 0.802 
693 Suva_Suva2    (0)    3 :  0.074 0.125 0.801 
694 Suva_Suva3    (0)    3 :  0.079 0.124 0.797 
695 Suva_Suva4    (0)    3 :  0.074 0.131 0.795 
696 Suva_Suva5    (0)    3 :  0.078 0.132 0.790 
697 Suva_Suva6    (0)    3 :  0.071 0.118 0.812 
698 Suva_Suva7    (0)    3 :  0.072 0.117 0.811 
699 Suva_Suva8    (0)    3 :  0.078 0.124 0.798 
700 Suva_Suva9    (0)    3 :  0.070 0.133 0.796 
701 Suva_Suva1_    (0)    3 :  0.078 0.134 0.788 
702 Suva_Suva1_    (0)    3 :  0.082 0.119 0.799 
703 Suva_Suva1_    (0)    3 :  0.073 0.118 0.809 
704 Suva_Suva1_    (0)    3 :  0.073 0.113 0.814 
705 Suva_Suva1_    (0)    3 :  0.069 0.125 0.806 
706 Suva_Suva1_    (0)    3 :  0.105 0.117 0.778 
707 Suva_Suva1_    (0)    3 :  0.072 0.117 0.811 
708 Suva_Suva1_    (0)    3 :  0.082 0.111 0.807 
709 Suva_Suva1_    (0)    3 :  0.070 0.122 0.808 
710 Suva_Suva1_    (0)    3 :  0.076 0.118 0.806 
711 Suva_Suva2_    (0)    3 :  0.074 0.127 0.799 
712 Suva_Suva2_    (0)    3 :  0.078 0.113 0.809 
713 Suva_Suva2_    (0)    3 :  0.070 0.132 0.798 
714 Suva_Suva2_    (0)    3 :  0.081 0.146 0.773 
715 Suva_Suva2_    (0)    3 :  0.074 0.120 0.806 
716 Suva_Suva2_    (0)    3 :  0.071 0.130 0.800 
717 Suva_Suva2_    (0)    3 :  0.082 0.148 0.770 
718 Suva_Suva2_    (0)    3 :  0.073 0.124 0.803 
719 Suva_Suva2_    (0)    3 :  0.079 0.131 0.790 
720 Suva_Suva2_    (0)    3 :  0.096 0.113 0.791 
721 Suva_Suva3_    (0)    3 :  0.076 0.133 0.791 
722 Suva_Suva3_    (0)    3 :  0.072 0.129 0.800 
723 Suva_Suva3_    (0)    3 :  0.076 0.136 0.788 
724 Suva_Suva3_    (0)    3 :  0.077 0.133 0.790 
725 Suva_Suva3_    (0)    3 :  0.079 0.131 0.791 
726 Suva_Suva3_    (0)    3 :  0.075 0.130 0.795 
727 Suva_Suva3_    (0)    3 :  0.069 0.126 0.805 
728 Suva_Suva3_    (0)    3 :  0.071 0.123 0.806 
729 Suva_Suva3_    (0)    3 :  0.070 0.125 0.806 
730 Suva_Suva3_    (0)    3 :  0.080 0.122 0.798 
731 Suva_Suva4_    (0)    3 :  0.077 0.120 0.803 
732 Suva_Suva4_    (0)    3 :  0.083 0.114 0.803 
733 Suva_Suva4_    (0)    3 :  0.074 0.116 0.810 
734 Suva_Suva4_    (0)    3 :  0.072 0.126 0.802 
735 Suva_Suva4_    (0)    3 :  0.076 0.125 0.800 
736 Suva_Suva4_    (0)    3 :  0.073 0.114 0.813 
737 Suva_Suva4_    (0)    3 :  0.079 0.122 0.798 
738 Suva_Suva4_    (0)    3 :  0.074 0.123 0.803 
739 Suva_Suva4_    (0)    3 :  0.074 0.116 0.811 
740 Suva_Suva4_    (0)    3 :  0.072 0.118 0.810 
741 Suva_Suva5_    (0)    3 :  0.070 0.129 0.801 
742 Suva_Suva5_    (0)    3 :  0.074 0.120 0.806 
743 Suva_Suva5_    (0)    3 :  0.080 0.116 0.804 
744 Suva_Suva5_    (0)    3 :  0.076 0.115 0.809 
745 Suva_Suva5_    (0)    3 :  0.069 0.125 0.806 
746 Suva_Suva5_    (0)    3 :  0.075 0.118 0.807 
747 Suva_Suva5_    (0)    3 :  0.075 0.127 0.798 
748 Tave_Tave1    (0)    3 :  0.084 0.123 0.793 
749 Tave_Tave2    (0)    3 :  0.081 0.131 0.788 
750 Tave_Tave3    (0)    3 :  0.076 0.125 0.799 
751 Tave_Tave4    (0)    3 :  0.075 0.116 0.809 
752 Tave_Tave5    (0)    3 :  0.071 0.127 0.802 
753 Tave_Tave6    (0)    3 :  0.073 0.116 0.811 
754 Tave_Tave7    (0)    3 :  0.072 0.127 0.801 
755 Tave_Tave8    (0)    3 :  0.079 0.117 0.804 
756 Tave_Tave9    (0)    3 :  0.088 0.123 0.789 
757 Tave_Tave1_    (0)    3 :  0.072 0.114 0.814 
758 Tave_Tave1_    (0)    3 :  0.081 0.117 0.803 
759 Tave_Tave1_    (0)    3 :  0.078 0.122 0.801 
760 Tave_Tave1_    (0)    3 :  0.079 0.123 0.798 
761 Tave_Tave1_    (0)    3 :  0.071 0.121 0.808 
762 Tave_Tave1_    (0)    3 :  0.072 0.115 0.814 
763 Tave_Tave1_    (0)    3 :  0.088 0.119 0.792 
764 Tave_Tave1_    (0)    3 :  0.071 0.132 0.798 
765 Tave_Tave1_    (0)    3 :  0.091 0.136 0.773 
766 Tave_Tave1_    (0)    3 :  0.074 0.125 0.801 
767 Tave_Tave2_    (0)    3 :  0.070 0.140 0.790 
768 Tave_Tave2_    (0)    3 :  0.097 0.123 0.780 
769 Tave_Tave2_    (0)    3 :  0.069 0.123 0.808 
770 Tave_Tave2_    (0)    3 :  0.076 0.120 0.804 
