

----------------------------------------------------
STRUCTURE by Pritchard, Stephens and Donnelly (2000)
     and Falush, Stephens and Pritchard (2003)
       Code by Pritchard, Falush and Hubisz
             Version 2.3.4 (Jul 2012)
----------------------------------------------------



Command line arguments:   /opt/anaconda3/bin/structure -K 7 -i /data/home/edc5240/Daruanus/Daruanus_All_8locus_stru.txt -o /data/home/edc5240/Daruanus/output/str_K7_rep1 -D 5274171 -m /data/home/edc5240/Daruanus/mainparams -e /data/home/edc5240/Daruanus/extraparams 
Input File:    /data/home/edc5240/Daruanus/Daruanus_All_8locus_stru.txt

Run parameters:
   1358 individuals
   8 loci
   7 populations assumed
   250000 Burn-in period
   1000000 Reps
LOCPRIOR model used
RANDOMIZE turned off


--------------------------------------------
Proportion of membership of each pre-defined
 population in each of the 7 clusters

Given    Inferred Clusters                                   Number of
 Pop       1      2      3      4      5      6      7      Individuals

  1:     0.025  0.293  0.615  0.022  0.030  0.006  0.010       72
  2:     0.083  0.472  0.003  0.138  0.193  0.014  0.095      414
  3:     0.479  0.002  0.009  0.075  0.035  0.069  0.331      358
  4:     0.262  0.000  0.007  0.010  0.021  0.685  0.014      441
  5:     0.218  0.004  0.004  0.017  0.012  0.722  0.022       73
--------------------------------------------

Allele-freq. divergence among pops (Net nucleotide distance),
computed using point estimates of P.

      1       2       3       4       5       6       7      
 1      -    0.0729  0.0655  0.0482  0.0486  0.0786  0.0342  
 2   0.0729     -    0.0165  0.0094  0.0090  0.0665  0.0358  
 3   0.0655  0.0165     -    0.0106  0.0106  0.0621  0.0335  
 4   0.0482  0.0094  0.0106     -    0.0000  0.0445  0.0182  
 5   0.0486  0.0090  0.0106  0.0000     -    0.0446  0.0186  
 6   0.0786  0.0665  0.0621  0.0445  0.0446     -    0.0583  
 7   0.0342  0.0358  0.0335  0.0182  0.0186  0.0583     -    

Average distances (expected heterozygosity) between individuals in same cluster:
cluster  1  : 0.7655 
cluster  2  : 0.8918 
cluster  3  : 0.8921 
cluster  4  : 0.9175 
cluster  5  : 0.9176 
cluster  6  : 0.8182 
cluster  7  : 0.8520 

--------------------------------------------
Estimated Ln Prob of Data   = -56219.7
Mean value of ln likelihood = -54829.4
Variance of ln likelihood   = 2780.6
Mean value of alpha         = 7.3839

Mean value of alpha_local for each location:
	location  1:  0.3911  4.4166  9.0471  0.3173  0.4642  0.1041  0.1589
	location  2:  2.7473  14.9091  0.0951  5.3245  4.7472  0.4892  3.0470
	location  3:  18.1016  0.0812  0.3421  2.9256  1.1365  2.7813  12.3211
	location  4:  11.0940  0.0190  0.3077  0.4144  0.9390  29.1262  0.5738
	location  5:  8.8148  0.1685  0.1961  0.6824  0.5053  28.6434  0.8123

Mean value of Fst_1         = 0.1191
Mean value of Fst_2         = 0.0263
Mean value of Fst_3         = 0.0346
Mean value of Fst_4         = 0.0039
Mean value of Fst_5         = 0.0043
Mean value of Fst_6         = 0.0983
Mean value of Fst_7         = 0.0696

Mean value of r = 0.0777

Inferred ancestry of individuals:
        Label (%Miss) Pop:  Inferred clusters
  1 Lion_Lion1    (0)    1 :  0.019 0.255 0.670 0.018 0.024 0.006 0.009 
  2 Lion_Lion2    (0)    1 :  0.028 0.260 0.627 0.024 0.032 0.009 0.021 
  3 Lion_Lion3    (0)    1 :  0.032 0.255 0.649 0.019 0.027 0.007 0.010 
  4 Lion_Lion4    (0)    1 :  0.031 0.305 0.596 0.020 0.028 0.009 0.011 
  5 Lion_Lion5    (0)    1 :  0.018 0.270 0.652 0.019 0.027 0.006 0.009 
  6 Lion_Lion6    (0)    1 :  0.018 0.290 0.618 0.025 0.034 0.004 0.010 
  7 Lion_Lion7    (0)    1 :  0.021 0.303 0.607 0.022 0.031 0.006 0.010 
  8 Lion_Lion8    (0)    1 :  0.025 0.284 0.625 0.021 0.029 0.006 0.010 
  9 Lion_Lion9    (0)    1 :  0.032 0.232 0.662 0.020 0.028 0.012 0.015 
 10 Lion_Lion10    (0)    1 :  0.014 0.369 0.540 0.028 0.037 0.004 0.008 
 11 Lion_Lion11    (0)    1 :  0.026 0.288 0.617 0.022 0.030 0.006 0.010 
 12 Lion_Lion13    (0)    1 :  0.025 0.337 0.573 0.020 0.028 0.008 0.010 
 13 Lion_Lion14    (0)    1 :  0.021 0.253 0.659 0.021 0.029 0.008 0.008 
 14 Lion_Lion15    (0)    1 :  0.019 0.308 0.597 0.026 0.035 0.005 0.010 
 15 Lion_Lion16    (0)    1 :  0.017 0.316 0.600 0.023 0.031 0.004 0.009 
 16 Lion_Lion17    (0)    1 :  0.020 0.231 0.679 0.024 0.032 0.006 0.008 
 17 Lion_Lion18    (0)    1 :  0.020 0.318 0.606 0.018 0.025 0.004 0.008 
 18 Lion_Lion19    (0)    1 :  0.036 0.275 0.607 0.025 0.033 0.007 0.017 
 19 Lion_Lion20    (0)    1 :  0.041 0.325 0.555 0.027 0.036 0.006 0.011 
 20 Lion_Lion21    (0)    1 :  0.019 0.339 0.574 0.023 0.032 0.006 0.008 
 21 Lion_Lion22    (0)    1 :  0.016 0.249 0.678 0.019 0.026 0.004 0.008 
 22 Lion_Lion23    (0)    1 :  0.018 0.317 0.604 0.020 0.028 0.005 0.008 
 23 Lion_Lion24    (0)    1 :  0.042 0.287 0.599 0.024 0.032 0.005 0.012 
 24 Lion_Lion25    (0)    1 :  0.030 0.292 0.613 0.020 0.028 0.006 0.009 
 25 Lion_Lion26    (0)    1 :  0.020 0.277 0.636 0.021 0.029 0.007 0.009 
 26 Lion_Lion27    (0)    1 :  0.024 0.297 0.614 0.020 0.028 0.005 0.012 
 27 Lion_Lion28    (0)    1 :  0.021 0.260 0.655 0.021 0.029 0.006 0.008 
 28 Lion_Lion29    (0)    1 :  0.016 0.273 0.648 0.022 0.030 0.004 0.007 
 29 Lion_Lion30    (0)    1 :  0.023 0.308 0.581 0.027 0.036 0.010 0.015 
 30 Lion_Lion31    (0)    1 :  0.021 0.256 0.663 0.019 0.027 0.005 0.009 
 31 Lion_Lion32    (0)    1 :  0.013 0.247 0.690 0.016 0.023 0.004 0.007 
 32 Lion_Lion33    (0)    1 :  0.018 0.342 0.577 0.020 0.029 0.006 0.008 
 33 Lion_Lion34    (0)    1 :  0.017 0.296 0.632 0.017 0.023 0.008 0.008 
 34 Lion_Lion36    (0)    1 :  0.022 0.337 0.578 0.020 0.028 0.005 0.010 
 35 Lion_Lion38    (0)    1 :  0.021 0.313 0.607 0.019 0.027 0.004 0.009 
 36 Lion_Lion39    (0)    1 :  0.019 0.287 0.617 0.027 0.037 0.005 0.007 
 37 Lion_Lion40    (0)    1 :  0.027 0.267 0.646 0.018 0.025 0.005 0.012 
 38 Lion_Lion41    (0)    1 :  0.033 0.328 0.559 0.025 0.034 0.005 0.016 
 39 Lion_Lion42    (0)    1 :  0.025 0.324 0.579 0.025 0.034 0.004 0.009 
 40 Lion_Lion43    (0)    1 :  0.025 0.351 0.560 0.021 0.029 0.006 0.008 
 41 Lion_Lion44    (0)    1 :  0.032 0.266 0.623 0.026 0.035 0.004 0.014 
 42 Lion_Lion45    (0)    1 :  0.026 0.244 0.662 0.020 0.028 0.010 0.010 
 43 Lion_Lion46    (0)    1 :  0.031 0.241 0.661 0.019 0.026 0.010 0.011 
 44 Lion_Lion47    (0)    1 :  0.026 0.288 0.614 0.021 0.029 0.008 0.014 
 45 Lion_Lion48    (0)    1 :  0.024 0.340 0.573 0.021 0.029 0.005 0.009 
 46 Lion_Lion49    (0)    1 :  0.030 0.326 0.580 0.021 0.029 0.005 0.009 
 47 Lion_Lion50    (0)    1 :  0.029 0.311 0.579 0.028 0.038 0.005 0.010 
 48 Lion_Lion51    (0)    1 :  0.018 0.285 0.641 0.018 0.026 0.004 0.009 
 49 Lion_Lion52    (0)    1 :  0.029 0.272 0.623 0.025 0.033 0.007 0.012 
 50 Lolo_Lolo1    (0)    1 :  0.028 0.228 0.689 0.017 0.024 0.005 0.009 
 51 Lolo_Lolo2    (0)    1 :  0.029 0.232 0.673 0.021 0.029 0.007 0.009 
 52 Lolo_Lolo3    (0)    1 :  0.023 0.269 0.643 0.020 0.028 0.005 0.010 
 53 Lolo_Lolo4    (0)    1 :  0.025 0.309 0.608 0.019 0.026 0.006 0.008 
 54 Lolo_Lolo5    (0)    1 :  0.035 0.263 0.635 0.022 0.030 0.006 0.009 
 55 Lolo_Lolo6    (0)    1 :  0.026 0.340 0.556 0.022 0.031 0.015 0.009 
 56 Lolo_Lolo7    (0)    1 :  0.020 0.264 0.655 0.020 0.028 0.005 0.009 
 57 Lolo_Lolo8    (0)    1 :  0.023 0.259 0.652 0.019 0.027 0.010 0.010 
 58 Lolo_Lolo9    (0)    1 :  0.033 0.257 0.650 0.020 0.027 0.006 0.008 
 59 Manu_Manu1    (0)    1 :  0.025 0.269 0.640 0.021 0.029 0.005 0.009 
 60 Manu_Manu2    (0)    1 :  0.033 0.304 0.594 0.021 0.029 0.007 0.012 
 61 Manu_Manu3    (0)    1 :  0.020 0.339 0.578 0.020 0.029 0.005 0.009 
 62 Manu_Manu4    (0)    1 :  0.045 0.293 0.597 0.020 0.028 0.006 0.011 
 63 Manu_Manu5    (0)    1 :  0.024 0.346 0.551 0.022 0.031 0.017 0.009 
 64 Manu_Manu6    (0)    1 :  0.020 0.370 0.541 0.022 0.031 0.005 0.009 
 65 Manu_Manu7    (0)    1 :  0.018 0.296 0.614 0.024 0.032 0.006 0.009 
 66 Manu_Manu8    (0)    1 :  0.022 0.317 0.596 0.022 0.030 0.005 0.009 
 67 Manu_Manu9    (0)    1 :  0.039 0.279 0.600 0.025 0.034 0.009 0.015 
 68 Manu_Manu10    (0)    1 :  0.020 0.336 0.566 0.026 0.035 0.008 0.010 
 69 Manu_Manu11    (0)    1 :  0.021 0.321 0.591 0.022 0.030 0.006 0.009 
 70 Manu_Manu13    (0)    1 :  0.061 0.241 0.636 0.019 0.026 0.005 0.012 
 71 Manu_Manu14    (0)    1 :  0.016 0.365 0.560 0.019 0.028 0.005 0.007 
 72 Manu_Manu15    (0)    1 :  0.017 0.282 0.647 0.017 0.024 0.005 0.008 
 73   Go_Go1    (0)    2 :  0.095 0.456 0.004 0.142 0.199 0.014 0.090 
 74   Go_Go2    (0)    2 :  0.079 0.468 0.003 0.132 0.178 0.016 0.123 
 75   Go_Go3    (0)    2 :  0.083 0.456 0.003 0.144 0.205 0.013 0.096 
 76   Go_Go4    (0)    2 :  0.078 0.474 0.003 0.141 0.198 0.012 0.094 
 77   Go_Go5    (0)    2 :  0.085 0.457 0.004 0.142 0.201 0.014 0.097 
 78   Go_Go6    (0)    2 :  0.073 0.484 0.003 0.139 0.195 0.012 0.095 
 79   Go_Go7    (0)    2 :  0.080 0.457 0.003 0.139 0.192 0.013 0.116 
 80   Go_Go8    (0)    2 :  0.075 0.465 0.004 0.141 0.198 0.011 0.105 
 81   Go_Go9    (0)    2 :  0.076 0.470 0.004 0.143 0.202 0.020 0.085 
 82  Go_Go10    (0)    2 :  0.075 0.460 0.003 0.143 0.203 0.013 0.102 
 83  Go_Go11    (0)    2 :  0.080 0.473 0.003 0.138 0.191 0.012 0.103 
 84  Go_Go12    (0)    2 :  0.082 0.469 0.004 0.137 0.193 0.015 0.100 
 85  Go_Go13    (0)    2 :  0.071 0.482 0.003 0.142 0.199 0.014 0.090 
 86  Go_Go14    (0)    2 :  0.076 0.467 0.003 0.137 0.190 0.017 0.110 
 87  Go_Go15    (0)    2 :  0.087 0.478 0.003 0.137 0.191 0.013 0.092 
 88  Go_Go16    (0)    2 :  0.083 0.465 0.004 0.146 0.204 0.013 0.086 
 89  Go_Go17    (0)    2 :  0.089 0.492 0.003 0.132 0.181 0.014 0.090 
 90  Go_Go18    (0)    2 :  0.097 0.466 0.004 0.138 0.190 0.014 0.093 
 91  Go_Go19    (0)    2 :  0.099 0.459 0.003 0.135 0.184 0.018 0.101 
 92  Go_Go20    (0)    2 :  0.085 0.468 0.004 0.141 0.197 0.011 0.094 
 93  Go_Go21    (0)    2 :  0.086 0.491 0.003 0.135 0.187 0.013 0.085 
 94  Go_Go22    (0)    2 :  0.078 0.488 0.004 0.137 0.188 0.013 0.093 
 95  Go_Go23    (0)    2 :  0.094 0.461 0.003 0.134 0.185 0.015 0.108 
 96  Go_Go24    (0)    2 :  0.080 0.481 0.003 0.138 0.191 0.015 0.092 
 97  Go_Go25    (0)    2 :  0.089 0.458 0.003 0.136 0.187 0.013 0.113 
 98  Go_Go27    (0)    2 :  0.087 0.459 0.003 0.136 0.192 0.023 0.100 
 99  Go_Go28    (0)    2 :  0.089 0.450 0.004 0.142 0.202 0.021 0.093 
100  Go_Go29    (0)    2 :  0.125 0.438 0.003 0.134 0.183 0.018 0.100 
101  Go_Go30    (0)    2 :  0.070 0.517 0.003 0.135 0.187 0.013 0.076 
102  Go_Go31    (0)    2 :  0.090 0.469 0.003 0.131 0.177 0.012 0.117 
103  Go_Go32    (0)    2 :  0.085 0.442 0.003 0.141 0.199 0.018 0.113 
104  Go_Go33    (0)    2 :  0.071 0.496 0.003 0.138 0.192 0.014 0.086 
105  Go_Go34    (0)    2 :  0.097 0.476 0.003 0.134 0.182 0.013 0.096 
106  Go_Go35    (0)    2 :  0.087 0.456 0.004 0.138 0.193 0.015 0.107 
107  Go_Go36    (0)    2 :  0.077 0.449 0.003 0.142 0.197 0.011 0.121 
108  Go_Go37    (0)    2 :  0.077 0.448 0.004 0.147 0.212 0.013 0.100 
109  Go_Go38    (0)    2 :  0.068 0.485 0.003 0.143 0.202 0.011 0.087 
110  Go_Go39    (0)    2 :  0.121 0.438 0.003 0.138 0.192 0.013 0.094 
111  Go_Go40    (0)    2 :  0.091 0.465 0.003 0.139 0.194 0.012 0.095 
112  Go_Go41    (0)    2 :  0.071 0.454 0.003 0.137 0.188 0.012 0.136 
113  Go_Go42    (0)    2 :  0.098 0.415 0.003 0.135 0.183 0.018 0.149 
114  Go_Go43    (0)    2 :  0.115 0.451 0.003 0.133 0.182 0.015 0.101 
115  Go_Go44    (0)    2 :  0.080 0.463 0.004 0.141 0.199 0.017 0.097 
116  Go_Go45    (0)    2 :  0.075 0.464 0.003 0.143 0.203 0.012 0.099 
117  Go_Go46    (0)    2 :  0.077 0.451 0.004 0.143 0.205 0.014 0.106 
118  Go_Go47    (0)    2 :  0.085 0.450 0.003 0.145 0.208 0.016 0.092 
119  Go_Go48    (0)    2 :  0.077 0.495 0.003 0.137 0.190 0.012 0.086 
120  Go_Go49    (0)    2 :  0.074 0.458 0.004 0.144 0.206 0.016 0.099 
121  Go_Go50    (0)    2 :  0.086 0.483 0.004 0.138 0.191 0.013 0.086 
122  Go_Go51    (0)    2 :  0.060 0.516 0.003 0.139 0.192 0.014 0.075 
123  Go_Go52    (0)    2 :  0.079 0.480 0.003 0.141 0.198 0.013 0.086 
124  Go_Go53    (0)    2 :  0.075 0.488 0.004 0.137 0.191 0.013 0.092 
125  Go_Go54    (0)    2 :  0.072 0.500 0.003 0.135 0.186 0.015 0.090 
126  Go_Go55    (0)    2 :  0.066 0.498 0.003 0.140 0.195 0.012 0.086 
127  Go_Go56    (0)    2 :  0.076 0.476 0.003 0.136 0.188 0.015 0.106 
128 Hie_Hie2    (0)    2 :  0.074 0.442 0.003 0.156 0.229 0.014 0.082 
129 Hie_Hie3    (0)    2 :  0.084 0.462 0.003 0.138 0.193 0.017 0.104 
130 Hie_Hie4    (0)    2 :  0.092 0.463 0.003 0.134 0.182 0.014 0.113 
131 Hie_Hie5    (0)    2 :  0.082 0.508 0.003 0.131 0.175 0.012 0.089 
132 Hie_Hie6    (0)    2 :  0.089 0.472 0.004 0.138 0.192 0.015 0.090 
133 Hie_Hie7    (0)    2 :  0.093 0.482 0.003 0.131 0.179 0.017 0.095 
134 Hie_Hie8    (0)    2 :  0.082 0.455 0.003 0.140 0.197 0.014 0.108 
135 Hie_Hie9    (0)    2 :  0.089 0.474 0.004 0.139 0.193 0.014 0.087 
136 Hie_Hie11    (0)    2 :  0.102 0.446 0.004 0.134 0.185 0.015 0.115 
137 Hie_Hie12    (0)    2 :  0.070 0.504 0.003 0.131 0.178 0.013 0.101 
138 Hie_Hie13    (0)    2 :  0.087 0.471 0.004 0.140 0.197 0.012 0.090 
139 Hie_Hie14    (0)    2 :  0.069 0.478 0.003 0.145 0.204 0.012 0.089 
140 Hie_Hie15    (0)    2 :  0.084 0.462 0.003 0.141 0.197 0.016 0.096 
141 Hie_Hie16    (0)    2 :  0.070 0.520 0.003 0.132 0.181 0.012 0.080 
142 Hie_Hie17    (0)    2 :  0.137 0.428 0.003 0.133 0.180 0.018 0.101 
143 Hie_Hie18    (0)    2 :  0.083 0.479 0.003 0.140 0.196 0.012 0.087 
144 Hie_Hie19    (0)    2 :  0.095 0.436 0.003 0.143 0.202 0.014 0.107 
145 Hie_Hie20    (0)    2 :  0.084 0.456 0.003 0.144 0.205 0.017 0.091 
146 Hie_Hie21    (0)    2 :  0.075 0.446 0.004 0.141 0.195 0.013 0.127 
147 Hie_Hie22    (0)    2 :  0.081 0.481 0.003 0.137 0.190 0.014 0.095 
148 Hie_Hie23    (0)    2 :  0.076 0.489 0.003 0.142 0.199 0.012 0.079 
149 Hie_Hie24    (0)    2 :  0.074 0.482 0.003 0.138 0.192 0.013 0.098 
150 Hie_Hie25    (0)    2 :  0.098 0.491 0.003 0.129 0.175 0.013 0.091 
151 Hie_Hie26    (0)    2 :  0.068 0.501 0.003 0.137 0.189 0.012 0.089 
152 Hie_Hie27    (0)    2 :  0.082 0.451 0.004 0.143 0.203 0.013 0.104 
153 Hie_Hie28    (0)    2 :  0.082 0.464 0.003 0.140 0.198 0.019 0.093 
154 Hie_Hie29    (0)    2 :  0.085 0.463 0.003 0.136 0.191 0.022 0.099 
155 Hie_Hie30    (0)    2 :  0.072 0.471 0.003 0.144 0.204 0.014 0.092 
156 Hie_Hie31    (0)    2 :  0.083 0.505 0.003 0.132 0.180 0.015 0.082 
157 Hie_Hie32    (0)    2 :  0.071 0.491 0.003 0.138 0.193 0.014 0.089 
158 Hie_Hie33    (0)    2 :  0.082 0.479 0.003 0.135 0.185 0.015 0.102 
159 Hie_Hie34    (0)    2 :  0.089 0.469 0.003 0.138 0.191 0.014 0.095 
160 Hie_Hie35    (0)    2 :  0.074 0.475 0.003 0.136 0.187 0.013 0.112 
161 Hie_Hie36    (0)    2 :  0.073 0.492 0.003 0.132 0.179 0.013 0.107 
162 Hie_Hie37    (0)    2 :  0.083 0.483 0.003 0.136 0.186 0.015 0.093 
163 Hie_Hie38    (0)    2 :  0.069 0.483 0.003 0.138 0.191 0.017 0.098 
164 Hie_Hie39    (0)    2 :  0.091 0.462 0.004 0.140 0.197 0.013 0.093 
165 Hie_Hie40    (0)    2 :  0.082 0.485 0.003 0.138 0.193 0.013 0.087 
166 Hie_Hie41    (0)    2 :  0.074 0.468 0.005 0.145 0.204 0.014 0.089 
167 Hie_Hie42    (0)    2 :  0.120 0.409 0.005 0.139 0.194 0.021 0.113 
168 Hie_Hie43    (0)    2 :  0.090 0.446 0.003 0.140 0.198 0.025 0.098 
169 Hie_Hie44    (0)    2 :  0.066 0.463 0.003 0.146 0.205 0.011 0.106 
170 Hie_Hie45    (0)    2 :  0.103 0.454 0.003 0.130 0.176 0.014 0.118 
171 Hie_Hie46    (0)    2 :  0.082 0.491 0.003 0.134 0.184 0.015 0.092 
172 Hie_Hie47    (0)    2 :  0.072 0.486 0.003 0.140 0.196 0.012 0.091 
173 Hie_Hie48    (0)    2 :  0.085 0.481 0.003 0.135 0.186 0.013 0.097 
174 Hie_Hie49    (0)    2 :  0.084 0.473 0.003 0.147 0.208 0.011 0.075 
175 Lar_Lar1    (0)    2 :  0.069 0.495 0.004 0.138 0.193 0.012 0.090 
176 Lar_Lar2    (0)    2 :  0.072 0.483 0.003 0.141 0.198 0.015 0.087 
177 Lar_Lar3    (0)    2 :  0.088 0.470 0.003 0.132 0.179 0.020 0.108 
178 Lar_Lar4    (0)    2 :  0.085 0.483 0.003 0.133 0.181 0.015 0.100 
179 Lar_Lar5    (0)    2 :  0.083 0.488 0.003 0.135 0.188 0.013 0.090 
180 Lar_Lar6    (0)    2 :  0.072 0.477 0.003 0.143 0.202 0.013 0.090 
181 Lar_Lar7    (0)    2 :  0.110 0.436 0.003 0.140 0.196 0.015 0.101 
182 Lar_Lar8    (0)    2 :  0.105 0.480 0.003 0.131 0.179 0.012 0.090 
183 Lar_Lar10    (0)    2 :  0.082 0.465 0.003 0.138 0.194 0.016 0.102 
184 Lar_Lar11    (0)    2 :  0.085 0.476 0.003 0.139 0.194 0.017 0.086 
185 Lar_Lar12    (0)    2 :  0.101 0.447 0.003 0.140 0.197 0.015 0.097 
186 Lar_Lar14    (0)    2 :  0.080 0.450 0.003 0.148 0.212 0.012 0.094 
187 Lar_Lar15    (0)    2 :  0.082 0.489 0.003 0.136 0.189 0.015 0.087 
188 Lar_Lar16    (0)    2 :  0.083 0.505 0.003 0.132 0.179 0.014 0.085 
189 Lar_Lar17    (0)    2 :  0.112 0.436 0.003 0.141 0.197 0.012 0.100 
190 Lar_Lar18    (0)    2 :  0.080 0.471 0.003 0.137 0.190 0.013 0.105 
191 Lar_Lar19    (0)    2 :  0.077 0.491 0.003 0.134 0.184 0.014 0.096 
192 Lar_Lar20    (0)    2 :  0.107 0.442 0.003 0.139 0.199 0.020 0.090 
193 Lar_Lar21    (0)    2 :  0.063 0.513 0.003 0.136 0.186 0.011 0.087 
194 Lar_Lar22    (0)    2 :  0.086 0.463 0.003 0.141 0.198 0.013 0.095 
195 Lar_Lar23    (0)    2 :  0.075 0.513 0.003 0.132 0.180 0.013 0.083 
196 Lar_Lar24    (0)    2 :  0.097 0.484 0.003 0.134 0.183 0.013 0.085 
197 Lar_Lar25    (0)    2 :  0.079 0.456 0.004 0.142 0.202 0.019 0.098 
198 Lar_Lar26    (0)    2 :  0.082 0.471 0.003 0.138 0.194 0.016 0.095 
199 Lar_Lar27    (0)    2 :  0.102 0.469 0.005 0.137 0.192 0.013 0.082 
200 Lar_Lar28    (0)    2 :  0.075 0.509 0.003 0.132 0.179 0.017 0.085 
201 Lar_Lar29    (0)    2 :  0.069 0.480 0.003 0.142 0.200 0.013 0.092 
202 Lar_Lar30    (0)    2 :  0.079 0.466 0.004 0.135 0.186 0.014 0.115 
203 Lar_Lar31    (0)    2 :  0.078 0.465 0.003 0.143 0.203 0.014 0.094 
204 Lar_Lar32    (0)    2 :  0.089 0.462 0.003 0.135 0.185 0.013 0.113 
205 Lar_Lar33    (0)    2 :  0.085 0.487 0.003 0.130 0.177 0.018 0.099 
206 Lar_Lar34    (0)    2 :  0.106 0.474 0.003 0.131 0.177 0.011 0.097 
207 Lar_Lar35    (0)    2 :  0.071 0.488 0.003 0.137 0.189 0.012 0.100 
208 Lar_Lar36    (0)    2 :  0.089 0.450 0.004 0.139 0.195 0.029 0.095 
209 Lar_Lar37    (0)    2 :  0.084 0.470 0.003 0.143 0.201 0.013 0.086 
210 Lar_Lar38    (0)    2 :  0.074 0.476 0.004 0.143 0.202 0.012 0.089 
211 Lar_Lar39    (0)    2 :  0.091 0.438 0.004 0.147 0.211 0.016 0.095 
212 Lar_Lar40    (0)    2 :  0.076 0.488 0.003 0.131 0.177 0.013 0.112 
213 Lar_Lar41    (0)    2 :  0.067 0.506 0.003 0.138 0.191 0.012 0.084 
214 Lar_Lar42    (0)    2 :  0.079 0.502 0.003 0.133 0.183 0.015 0.084 
215 Lar_Lar43    (0)    2 :  0.113 0.433 0.003 0.134 0.183 0.021 0.114 
216 Lar_Lar44    (0)    2 :  0.093 0.444 0.004 0.146 0.207 0.016 0.091 
217 Lar_Lar45    (0)    2 :  0.082 0.473 0.003 0.139 0.193 0.013 0.097 
218 Lar_Lar46    (0)    2 :  0.067 0.537 0.003 0.128 0.170 0.012 0.083 
219 Lar_Lar47    (0)    2 :  0.072 0.464 0.004 0.144 0.206 0.014 0.097 
220 Lar_Lar48    (0)    2 :  0.079 0.461 0.003 0.137 0.188 0.012 0.119 
221 Lar_Lar49    (0)    2 :  0.098 0.464 0.003 0.138 0.191 0.018 0.088 
222 Lar_Lar50    (0)    2 :  0.071 0.495 0.003 0.139 0.195 0.012 0.083 
223 Lar_Lar51    (0)    2 :  0.088 0.475 0.003 0.134 0.184 0.013 0.102 
224 Lar_Lar52    (0)    2 :  0.084 0.479 0.003 0.142 0.198 0.013 0.080 
225 Lar_Lar53    (0)    2 :  0.064 0.517 0.004 0.138 0.191 0.012 0.075 
226 Mara_Mara1    (0)    2 :  0.071 0.471 0.003 0.145 0.205 0.014 0.090 
227 Mara_Mara2    (0)    2 :  0.078 0.483 0.003 0.140 0.196 0.013 0.087 
228 Mara_Mara3    (0)    2 :  0.078 0.492 0.003 0.132 0.180 0.011 0.104 
229 Mara_Mara4    (0)    2 :  0.080 0.465 0.004 0.144 0.205 0.017 0.087 
230 Mara_Mara5    (0)    2 :  0.074 0.487 0.003 0.140 0.199 0.012 0.085 
231 Mara_Mara6    (0)    2 :  0.077 0.467 0.003 0.145 0.206 0.014 0.088 
232 Mara_Mara7    (0)    2 :  0.076 0.457 0.004 0.147 0.210 0.015 0.090 
233 Mara_Mara8    (0)    2 :  0.094 0.489 0.003 0.131 0.178 0.012 0.093 
234 Mara_Mara9    (0)    2 :  0.070 0.514 0.004 0.131 0.177 0.011 0.094 
235 Mara_Mara1_    (0)    2 :  0.084 0.438 0.003 0.137 0.190 0.021 0.127 
236 Mara_Mara1_    (0)    2 :  0.087 0.457 0.003 0.140 0.197 0.018 0.098 
237 Mara_Mara1_    (0)    2 :  0.083 0.469 0.003 0.140 0.194 0.014 0.096 
238 Mara_Mara1_    (0)    2 :  0.071 0.466 0.003 0.147 0.210 0.015 0.087 
239 Mara_Mara1_    (0)    2 :  0.078 0.451 0.003 0.142 0.202 0.030 0.095 
240 Mara_Mara1_    (0)    2 :  0.090 0.468 0.003 0.137 0.190 0.014 0.098 
241 Mara_Mara1_    (0)    2 :  0.093 0.448 0.003 0.142 0.202 0.014 0.098 
242 Mara_Mara1_    (0)    2 :  0.079 0.457 0.004 0.141 0.198 0.013 0.108 
243 Mara_Mara1_    (0)    2 :  0.082 0.496 0.003 0.133 0.182 0.015 0.088 
244 Mara_Mara1_    (0)    2 :  0.090 0.483 0.004 0.136 0.188 0.013 0.088 
245 Mara_Mara2_    (0)    2 :  0.086 0.470 0.003 0.136 0.188 0.014 0.104 
246 Mara_Mara2_    (0)    2 :  0.088 0.448 0.003 0.140 0.198 0.020 0.102 
247 Mara_Mara2_    (0)    2 :  0.072 0.508 0.003 0.135 0.184 0.012 0.085 
248 Mara_Mara2_    (0)    2 :  0.076 0.490 0.003 0.138 0.191 0.013 0.089 
249 Mara_Mara2_    (0)    2 :  0.072 0.510 0.003 0.130 0.178 0.015 0.093 
250 Mara_Mara2_    (0)    2 :  0.097 0.471 0.003 0.134 0.184 0.013 0.099 
251 Mara_Mara2_    (0)    2 :  0.077 0.474 0.003 0.145 0.206 0.011 0.085 
252 Mara_Mara2_    (0)    2 :  0.086 0.462 0.004 0.141 0.201 0.013 0.093 
253 Mara_Mara2_    (0)    2 :  0.081 0.482 0.004 0.136 0.189 0.022 0.085 
254 Mara_Mara2_    (0)    2 :  0.097 0.440 0.004 0.141 0.198 0.019 0.101 
255 Mara_Mara3_    (0)    2 :  0.091 0.416 0.005 0.150 0.217 0.029 0.093 
256 Mara_Mara3_    (0)    2 :  0.110 0.439 0.004 0.140 0.197 0.016 0.094 
257 Mara_Mara3_    (0)    2 :  0.083 0.475 0.003 0.143 0.200 0.012 0.082 
258 Mara_Mara3_    (0)    2 :  0.088 0.474 0.003 0.139 0.196 0.014 0.087 
259 Mara_Mara3_    (0)    2 :  0.082 0.479 0.003 0.135 0.186 0.019 0.097 
260 Mara_Mara3_    (0)    2 :  0.078 0.466 0.003 0.138 0.193 0.017 0.105 
261 Mara_Mara3_    (0)    2 :  0.086 0.480 0.003 0.135 0.187 0.017 0.092 
262 Mara_Mara3_    (0)    2 :  0.087 0.471 0.003 0.138 0.191 0.012 0.098 
263 Mara_Mara3_    (0)    2 :  0.084 0.524 0.003 0.129 0.172 0.011 0.078 
264 Mara_Mara3_    (0)    2 :  0.095 0.490 0.003 0.132 0.178 0.013 0.090 
265 Mara_Mara4_    (0)    2 :  0.116 0.440 0.003 0.135 0.185 0.014 0.107 
266 Mara_Mara4_    (0)    2 :  0.070 0.488 0.004 0.138 0.194 0.013 0.093 
267 Mara_Mara4_    (0)    2 :  0.085 0.480 0.003 0.135 0.185 0.013 0.099 
268 Mara_Mara4_    (0)    2 :  0.076 0.493 0.003 0.137 0.189 0.014 0.087 
269 Mara_Mara4_    (0)    2 :  0.081 0.493 0.003 0.136 0.187 0.012 0.088 
270 Mara_Mara4_    (0)    2 :  0.070 0.475 0.003 0.144 0.201 0.012 0.095 
271 Mara_Mara4_    (0)    2 :  0.102 0.476 0.003 0.133 0.182 0.012 0.092 
272 Mara_Mara4_    (0)    2 :  0.081 0.482 0.003 0.133 0.182 0.013 0.106 
273 Mara_Mara4_    (0)    2 :  0.066 0.488 0.004 0.141 0.199 0.020 0.083 
274 Mara_Mara4_    (0)    2 :  0.077 0.495 0.003 0.136 0.186 0.012 0.091 
275 Mara_Mara5_    (0)    2 :  0.075 0.500 0.003 0.132 0.180 0.014 0.095 
276 Mara_Mara5_    (0)    2 :  0.074 0.482 0.004 0.141 0.198 0.015 0.086 
277 Mara_Mara5_    (0)    2 :  0.107 0.442 0.003 0.140 0.196 0.019 0.093 
278 MBO_MBO1    (0)    2 :  0.094 0.441 0.004 0.141 0.196 0.012 0.112 
279 MBO_MBO2    (0)    2 :  0.116 0.459 0.003 0.134 0.183 0.016 0.089 
280 MBO_MBO3    (0)    2 :  0.075 0.493 0.003 0.137 0.189 0.011 0.093 
281 MBO_MBO4    (0)    2 :  0.104 0.484 0.004 0.132 0.179 0.013 0.083 
282 MBO_MBO6    (0)    2 :  0.099 0.466 0.003 0.137 0.191 0.012 0.092 
283 MBO_MBO7    (0)    2 :  0.067 0.509 0.003 0.136 0.188 0.015 0.083 
284 MBO_MBO8    (0)    2 :  0.102 0.436 0.003 0.139 0.194 0.013 0.112 
285 MBO_MBO9    (0)    2 :  0.098 0.444 0.003 0.135 0.186 0.015 0.118 
286 MBO_MBO10    (0)    2 :  0.084 0.467 0.004 0.140 0.197 0.013 0.095 
287 MBO_MBO11    (0)    2 :  0.078 0.446 0.003 0.155 0.224 0.013 0.080 
288 MBO_MBO12    (0)    2 :  0.070 0.462 0.003 0.152 0.220 0.013 0.080 
289 MBO_MBO13    (0)    2 :  0.076 0.476 0.003 0.142 0.200 0.012 0.091 
290 MBO_MBO14    (0)    2 :  0.081 0.502 0.003 0.134 0.183 0.013 0.085 
291 MBO_MBO15    (0)    2 :  0.088 0.462 0.003 0.137 0.189 0.014 0.106 
292 MBO_MBO16    (0)    2 :  0.078 0.468 0.003 0.143 0.202 0.011 0.095 
293 MBO_MBO17    (0)    2 :  0.073 0.466 0.003 0.141 0.196 0.014 0.107 
294 MBO_MBO18    (0)    2 :  0.104 0.443 0.004 0.141 0.197 0.014 0.097 
295 MBO_MBO19    (0)    2 :  0.082 0.441 0.003 0.146 0.209 0.013 0.106 
296 MBO_MBO20    (0)    2 :  0.083 0.485 0.003 0.136 0.188 0.020 0.085 
297 MBO_MBO21    (0)    2 :  0.079 0.488 0.004 0.138 0.193 0.013 0.086 
298 MBO_MBO22    (0)    2 :  0.076 0.486 0.003 0.139 0.193 0.014 0.090 
299 MBO_MBO23    (0)    2 :  0.084 0.496 0.003 0.133 0.182 0.016 0.087 
300 MBO_MBO24    (0)    2 :  0.073 0.490 0.003 0.139 0.196 0.014 0.085 
301 MBO_MBO25    (0)    2 :  0.074 0.495 0.003 0.136 0.188 0.013 0.091 
302 MBO_MBO26    (0)    2 :  0.089 0.480 0.003 0.139 0.195 0.012 0.081 
303 MBO_MBO27    (0)    2 :  0.084 0.479 0.004 0.136 0.190 0.014 0.092 
304 MBO_MBO28    (0)    2 :  0.079 0.470 0.003 0.141 0.201 0.018 0.088 
305 MBO_MBO29    (0)    2 :  0.082 0.458 0.003 0.142 0.202 0.018 0.095 
306 MBO_MBO30    (0)    2 :  0.074 0.489 0.006 0.137 0.190 0.013 0.091 
307 MBO_MBO31    (0)    2 :  0.104 0.450 0.005 0.141 0.197 0.013 0.090 
308 MBO_MBO32    (0)    2 :  0.074 0.475 0.003 0.144 0.203 0.013 0.088 
309 MBO_MBO33    (0)    2 :  0.084 0.441 0.004 0.143 0.203 0.014 0.112 
310 MBO_MBO34    (0)    2 :  0.074 0.500 0.003 0.132 0.180 0.014 0.096 
311 MBO_MBO35    (0)    2 :  0.077 0.451 0.004 0.153 0.221 0.011 0.084 
312 MBO_MBO36    (0)    2 :  0.075 0.457 0.004 0.146 0.211 0.017 0.090 
313 MBO_MBO37    (0)    2 :  0.095 0.470 0.003 0.135 0.186 0.014 0.096 
314 MBO_MBO38    (0)    2 :  0.085 0.451 0.003 0.139 0.194 0.013 0.116 
315 MBO_MBO39    (0)    2 :  0.073 0.514 0.003 0.134 0.181 0.011 0.083 
316 MBO_MBO40    (0)    2 :  0.088 0.495 0.003 0.131 0.180 0.013 0.089 
317 MBO_MBO41    (0)    2 :  0.092 0.457 0.003 0.135 0.185 0.011 0.116 
318 MBO_MBO42    (0)    2 :  0.084 0.473 0.003 0.138 0.193 0.013 0.095 
319 MBO_MBO43    (0)    2 :  0.065 0.475 0.004 0.147 0.209 0.011 0.088 
320 MBO_MBO44    (0)    2 :  0.085 0.466 0.004 0.140 0.198 0.013 0.094 
321 MBO_MBO45    (0)    2 :  0.092 0.458 0.003 0.135 0.187 0.013 0.110 
322 MBO_MBO46    (0)    2 :  0.081 0.466 0.003 0.140 0.196 0.013 0.100 
323 MBO_MBO47    (0)    2 :  0.089 0.461 0.003 0.144 0.203 0.013 0.087 
324 MBO_MBO48    (0)    2 :  0.080 0.480 0.004 0.140 0.196 0.012 0.089 
325 MBO_MBO49    (0)    2 :  0.083 0.449 0.003 0.146 0.209 0.013 0.096 
326 MBO_MBO50    (0)    2 :  0.076 0.488 0.003 0.140 0.196 0.012 0.085 
327 MBO_MBO51    (0)    2 :  0.068 0.489 0.003 0.142 0.200 0.013 0.085 
328 QBW_QBW1    (0)    2 :  0.073 0.486 0.003 0.132 0.180 0.013 0.113 
329 QBW_QBW2    (0)    2 :  0.068 0.501 0.003 0.136 0.187 0.012 0.093 
330 QBW_QBW3    (0)    2 :  0.091 0.496 0.003 0.133 0.180 0.013 0.085 
331 QBW_QBW4    (0)    2 :  0.113 0.436 0.003 0.135 0.186 0.017 0.111 
332 QBW_QBW5    (0)    2 :  0.078 0.484 0.003 0.139 0.196 0.016 0.084 
333 QBW_QBW6    (0)    2 :  0.073 0.512 0.003 0.131 0.177 0.014 0.089 
334 QBW_QBW7    (0)    2 :  0.088 0.461 0.003 0.136 0.188 0.013 0.111 
335 QBW_QBW8    (0)    2 :  0.090 0.463 0.003 0.141 0.199 0.015 0.090 
336 QBW_QBW9    (0)    2 :  0.087 0.437 0.003 0.148 0.214 0.023 0.088 
337 QBW_QBW10    (0)    2 :  0.087 0.476 0.003 0.138 0.192 0.015 0.091 
338 QBW_QBW11    (0)    2 :  0.084 0.471 0.003 0.140 0.196 0.012 0.094 
339 QBW_QBW12    (0)    2 :  0.105 0.463 0.003 0.136 0.188 0.013 0.092 
340 QBW_QBW13    (0)    2 :  0.085 0.478 0.003 0.139 0.193 0.013 0.089 
341 QBW_QBW14    (0)    2 :  0.075 0.489 0.004 0.139 0.194 0.012 0.087 
342 QBW_QBW15    (0)    2 :  0.084 0.477 0.003 0.134 0.184 0.016 0.103 
343 QBW_QBW16    (0)    2 :  0.090 0.454 0.003 0.139 0.194 0.014 0.105 
344 QBW_QBW17    (0)    2 :  0.097 0.476 0.003 0.131 0.178 0.014 0.101 
345 QBW_QBW18    (0)    2 :  0.079 0.475 0.004 0.139 0.193 0.012 0.100 
346 QBW_QBW19    (0)    2 :  0.067 0.496 0.003 0.140 0.195 0.012 0.086 
347 QBW_QBW20    (0)    2 :  0.073 0.489 0.004 0.138 0.192 0.012 0.092 
348 QBW_QBW21    (0)    2 :  0.097 0.478 0.004 0.136 0.187 0.012 0.086 
349 QBW_QBW22    (0)    2 :  0.086 0.484 0.004 0.135 0.187 0.014 0.091 
350 QBW_QBW23    (0)    2 :  0.080 0.472 0.003 0.144 0.205 0.011 0.084 
351 QBW_QBW24    (0)    2 :  0.076 0.501 0.003 0.138 0.191 0.013 0.078 
352 QBW_QBW25    (0)    2 :  0.078 0.464 0.004 0.141 0.199 0.017 0.099 
353 QBW_QBW26    (0)    2 :  0.085 0.481 0.003 0.135 0.187 0.014 0.094 
354 QBW_QBW27    (0)    2 :  0.079 0.503 0.003 0.135 0.184 0.012 0.084 
355 QBW_QBW28    (0)    2 :  0.085 0.461 0.003 0.147 0.205 0.012 0.087 
356 QBW_QBW29    (0)    2 :  0.086 0.462 0.003 0.140 0.197 0.012 0.100 
357 QBW_QBW30    (0)    2 :  0.078 0.477 0.004 0.140 0.198 0.013 0.091 
358 QBW_QBW31    (0)    2 :  0.077 0.484 0.003 0.130 0.174 0.013 0.120 
359 QBW_QBW32    (0)    2 :  0.090 0.454 0.003 0.139 0.194 0.014 0.105 
360 QBW_QBW33    (0)    2 :  0.097 0.476 0.003 0.131 0.178 0.014 0.101 
361 QBW_QBW34    (0)    2 :  0.079 0.468 0.004 0.141 0.196 0.012 0.100 
362 QBW_QBW35    (0)    2 :  0.067 0.496 0.003 0.140 0.196 0.012 0.086 
363 QBW_QBW36    (0)    2 :  0.073 0.489 0.004 0.138 0.192 0.012 0.092 
364 QBW_QBW37    (0)    2 :  0.073 0.467 0.003 0.146 0.208 0.016 0.086 
365 QBW_QBW38    (0)    2 :  0.082 0.490 0.003 0.134 0.185 0.016 0.090 
366 QBW_QBW39    (0)    2 :  0.081 0.487 0.004 0.134 0.185 0.013 0.097 
367 QBW_QBW40    (0)    2 :  0.079 0.480 0.003 0.141 0.197 0.014 0.087 
368 QBW_QBW41    (0)    2 :  0.087 0.472 0.003 0.140 0.197 0.018 0.081 
369 QBW_QBW42    (0)    2 :  0.085 0.446 0.003 0.145 0.204 0.011 0.106 
370 QBW_QBW43    (0)    2 :  0.070 0.449 0.004 0.148 0.216 0.027 0.086 
371 QBW_QBW44    (0)    2 :  0.074 0.465 0.003 0.144 0.207 0.017 0.090 
372 QBW_QBW45    (0)    2 :  0.073 0.453 0.004 0.144 0.205 0.020 0.101 
373 QBW_QBW46    (0)    2 :  0.073 0.494 0.004 0.136 0.186 0.011 0.097 
374 QBW_QBW47    (0)    2 :  0.077 0.438 0.003 0.148 0.213 0.015 0.106 
375 QBW_QBW48    (0)    2 :  0.075 0.504 0.004 0.134 0.183 0.011 0.090 
376 QBW_QBW49    (0)    2 :  0.097 0.467 0.003 0.138 0.193 0.018 0.083 
377 QBW_QBW50    (0)    2 :  0.091 0.459 0.003 0.138 0.190 0.013 0.107 
378 QBW_QBW51    (0)    2 :  0.125 0.435 0.003 0.131 0.177 0.014 0.115 
379 QBW_QBW52    (0)    2 :  0.071 0.489 0.004 0.140 0.194 0.011 0.091 
380 QBW_QBW53    (0)    2 :  0.088 0.445 0.004 0.144 0.203 0.012 0.106 
381 QBW_QBW54    (0)    2 :  0.083 0.506 0.003 0.129 0.173 0.014 0.093 
382 Ten_Ten1    (0)    2 :  0.068 0.477 0.003 0.144 0.204 0.017 0.088 
383 Ten_Ten2    (0)    2 :  0.078 0.509 0.003 0.134 0.182 0.012 0.082 
384 Ten_Ten3    (0)    2 :  0.076 0.466 0.003 0.142 0.204 0.016 0.092 
385 Ten_Ten4    (0)    2 :  0.084 0.448 0.003 0.143 0.202 0.012 0.107 
386 Ten_Ten5    (0)    2 :  0.069 0.509 0.003 0.131 0.179 0.012 0.096 
387 Ten_Ten6    (0)    2 :  0.070 0.526 0.003 0.130 0.175 0.012 0.084 
388 Ten_Ten7    (0)    2 :  0.130 0.413 0.004 0.141 0.200 0.019 0.092 
389 Ten_Ten8    (0)    2 :  0.080 0.474 0.006 0.138 0.189 0.013 0.100 
390 Ten_Ten9    (0)    2 :  0.089 0.489 0.003 0.131 0.179 0.014 0.095 
391 Ten_Ten10    (0)    2 :  0.096 0.474 0.003 0.134 0.184 0.014 0.095 
392 Ten_Ten11    (0)    2 :  0.075 0.476 0.004 0.140 0.196 0.019 0.091 
393 Ten_Ten12    (0)    2 :  0.086 0.471 0.003 0.138 0.193 0.015 0.094 
394 Ten_Ten13    (0)    2 :  0.077 0.474 0.003 0.136 0.189 0.019 0.102 
395 Ten_Ten14    (0)    2 :  0.094 0.469 0.003 0.136 0.189 0.012 0.096 
396 Ten_Ten15    (0)    2 :  0.102 0.482 0.003 0.129 0.174 0.013 0.096 
397 Ten_Ten16    (0)    2 :  0.074 0.508 0.003 0.135 0.185 0.013 0.081 
398 Ten_Ten17    (0)    2 :  0.088 0.448 0.003 0.139 0.194 0.012 0.116 
399 Ten_Ten18    (0)    2 :  0.087 0.478 0.003 0.137 0.191 0.018 0.086 
400 Ten_Ten19    (0)    2 :  0.080 0.465 0.003 0.138 0.192 0.014 0.108 
401 Ten_Ten20    (0)    2 :  0.086 0.491 0.003 0.133 0.182 0.013 0.092 
402 Ten_Ten21    (0)    2 :  0.096 0.450 0.004 0.141 0.198 0.012 0.098 
403 Ten_Ten22    (0)    2 :  0.068 0.491 0.003 0.135 0.186 0.012 0.104 
404 Ten_Ten23    (0)    2 :  0.104 0.456 0.003 0.135 0.186 0.013 0.103 
405 Ten_Ten24    (0)    2 :  0.095 0.478 0.003 0.136 0.188 0.013 0.086 
406 Ten_Ten25    (0)    2 :  0.081 0.483 0.003 0.138 0.191 0.017 0.086 
407 Ten_Ten26    (0)    2 :  0.096 0.461 0.003 0.135 0.187 0.013 0.106 
408 Ten_Ten27    (0)    2 :  0.080 0.470 0.004 0.136 0.189 0.012 0.109 
409 Ten_Ten28    (0)    2 :  0.108 0.450 0.003 0.140 0.196 0.014 0.089 
410 Ten_Ten29    (0)    2 :  0.074 0.512 0.003 0.135 0.183 0.011 0.082 
411 Ten_Ten30    (0)    2 :  0.071 0.509 0.003 0.134 0.184 0.012 0.087 
412 Ten_Ten31    (0)    2 :  0.090 0.440 0.003 0.142 0.200 0.014 0.110 
413 Ten_Ten32    (0)    2 :  0.081 0.490 0.003 0.135 0.185 0.012 0.093 
414 Ten_Ten33    (0)    2 :  0.096 0.433 0.003 0.145 0.207 0.014 0.102 
415 Ten_Ten34    (0)    2 :  0.065 0.462 0.003 0.150 0.216 0.012 0.092 
416 Ten_Ten35    (0)    2 :  0.068 0.458 0.003 0.144 0.203 0.011 0.112 
417 Ten_Ten36    (0)    2 :  0.092 0.437 0.003 0.146 0.209 0.018 0.095 
418 Ten_Ten37    (0)    2 :  0.064 0.493 0.003 0.142 0.201 0.012 0.086 
419 Ten_Ten38    (0)    2 :  0.076 0.490 0.003 0.139 0.196 0.014 0.082 
420 Ten_Ten39    (0)    2 :  0.080 0.486 0.003 0.135 0.187 0.020 0.089 
421 Ten_Ten40    (0)    2 :  0.082 0.506 0.003 0.131 0.177 0.012 0.089 
422 Ten_Ten41    (0)    2 :  0.081 0.493 0.003 0.134 0.186 0.011 0.091 
423 Ten_Ten42    (0)    2 :  0.086 0.453 0.003 0.139 0.194 0.026 0.100 
424 Ten_Ten43    (0)    2 :  0.068 0.485 0.003 0.141 0.197 0.013 0.093 
425 Ten_Ten44    (0)    2 :  0.077 0.479 0.003 0.139 0.195 0.020 0.086 
426 Ten_Ten45    (0)    2 :  0.076 0.522 0.003 0.131 0.177 0.011 0.080 
427 Ten_Ten46    (0)    2 :  0.089 0.467 0.003 0.137 0.188 0.012 0.103 
428 Ten_Ten47    (0)    2 :  0.081 0.442 0.003 0.143 0.201 0.011 0.120 
429 Ten_Ten48    (0)    2 :  0.080 0.496 0.003 0.134 0.184 0.017 0.087 
430 Ten_Ten49    (0)    2 :  0.069 0.492 0.003 0.142 0.200 0.013 0.082 
431 Ten_Ten50    (0)    2 :  0.081 0.480 0.004 0.133 0.183 0.012 0.106 
432 Ten_Ten51    (0)    2 :  0.069 0.523 0.003 0.132 0.177 0.011 0.085 
433 Ten_Ten52    (0)    2 :  0.096 0.458 0.003 0.133 0.182 0.017 0.111 
434 Tote_Tote1    (0)    2 :  0.072 0.481 0.003 0.141 0.197 0.013 0.092 
435 Tote_Tote2    (0)    2 :  0.097 0.446 0.003 0.133 0.180 0.015 0.126 
436 Tote_Tote3    (0)    2 :  0.082 0.479 0.004 0.137 0.191 0.013 0.095 
437 Tote_Tote4    (0)    2 :  0.077 0.470 0.003 0.143 0.204 0.016 0.087 
438 Tote_Tote5    (0)    2 :  0.083 0.483 0.003 0.137 0.189 0.016 0.089 
439 Tote_Tote6    (0)    2 :  0.083 0.453 0.003 0.141 0.197 0.014 0.110 
440 Tote_Tote7    (0)    2 :  0.097 0.448 0.003 0.142 0.201 0.017 0.091 
441 Tote_Tote8    (0)    2 :  0.069 0.480 0.004 0.147 0.209 0.013 0.079 
442 Tote_Tote1_    (0)    2 :  0.091 0.471 0.003 0.135 0.186 0.013 0.101 
443 Tote_Tote1_    (0)    2 :  0.070 0.486 0.003 0.141 0.198 0.012 0.090 
444 Tote_Tote1_    (0)    2 :  0.098 0.449 0.003 0.142 0.201 0.012 0.095 
445 Tote_Tote1_    (0)    2 :  0.089 0.450 0.003 0.141 0.198 0.016 0.103 
446 Tote_Tote1_    (0)    2 :  0.079 0.458 0.003 0.136 0.189 0.016 0.119 
447 Tote_Tote1_    (0)    2 :  0.093 0.462 0.003 0.138 0.192 0.018 0.094 
448 Tote_Tote1_    (0)    2 :  0.093 0.413 0.003 0.142 0.201 0.020 0.127 
449 Tote_Tote1_    (0)    2 :  0.122 0.423 0.004 0.139 0.192 0.013 0.108 
450 Tote_Tote1_    (0)    2 :  0.072 0.474 0.003 0.141 0.199 0.018 0.093 
451 Tote_Tote2_    (0)    2 :  0.087 0.464 0.004 0.139 0.195 0.014 0.097 
452 Tote_Tote2_    (0)    2 :  0.076 0.480 0.003 0.138 0.191 0.014 0.098 
453 Tote_Tote2_    (0)    2 :  0.087 0.457 0.003 0.139 0.192 0.012 0.109 
454 Tote_Tote2_    (0)    2 :  0.076 0.467 0.004 0.143 0.204 0.013 0.093 
455 Tote_Tote2_    (0)    2 :  0.085 0.472 0.004 0.137 0.193 0.017 0.091 
456 Tote_Tote2_    (0)    2 :  0.067 0.503 0.003 0.134 0.183 0.011 0.098 
457 Tote_Tote2_    (0)    2 :  0.079 0.484 0.003 0.139 0.196 0.012 0.087 
458 Tote_Tote2_    (0)    2 :  0.078 0.512 0.003 0.130 0.174 0.012 0.092 
459 Tote_Tote2_    (0)    2 :  0.088 0.477 0.003 0.140 0.194 0.012 0.087 
460 Tote_Tote2_    (0)    2 :  0.077 0.509 0.003 0.133 0.181 0.013 0.085 
461 Tote_Tote3_    (0)    2 :  0.098 0.429 0.003 0.138 0.191 0.017 0.124 
462 Tote_Tote3_    (0)    2 :  0.069 0.476 0.003 0.147 0.209 0.014 0.083 
463 Tote_Tote3_    (0)    2 :  0.073 0.472 0.003 0.138 0.192 0.014 0.107 
464 Tote_Tote3_    (0)    2 :  0.078 0.468 0.004 0.141 0.196 0.015 0.099 
465 Tote_Tote3_    (0)    2 :  0.090 0.473 0.004 0.138 0.191 0.012 0.093 
466 Tote_Tote3_    (0)    2 :  0.082 0.461 0.004 0.140 0.197 0.021 0.095 
467 Tote_Tote3_    (0)    2 :  0.082 0.438 0.003 0.147 0.213 0.021 0.095 
468 Tote_Tote3_    (0)    2 :  0.082 0.469 0.003 0.138 0.192 0.013 0.103 
469 Tote_Tote3_    (0)    2 :  0.095 0.483 0.003 0.134 0.183 0.013 0.090 
470 Tote_Tote3_    (0)    2 :  0.097 0.423 0.003 0.140 0.195 0.019 0.123 
471 Tote_Tote4_    (0)    2 :  0.077 0.455 0.003 0.142 0.200 0.014 0.109 
472 Tote_Tote4_    (0)    2 :  0.073 0.479 0.003 0.143 0.202 0.013 0.087 
473 Tote_Tote4_    (0)    2 :  0.073 0.493 0.004 0.139 0.193 0.011 0.086 
474 Tote_Tote4_    (0)    2 :  0.103 0.451 0.004 0.137 0.190 0.017 0.098 
475 Tote_Tote4_    (0)    2 :  0.094 0.458 0.004 0.138 0.193 0.015 0.099 
476 Tote_Tote4_    (0)    2 :  0.084 0.463 0.003 0.139 0.194 0.015 0.101 
477 Tote_Tote4_    (0)    2 :  0.097 0.456 0.004 0.138 0.192 0.014 0.100 
478 Tote_Tote4_    (0)    2 :  0.070 0.486 0.003 0.141 0.198 0.014 0.087 
479 Tote_Tote4_    (0)    2 :  0.069 0.483 0.004 0.142 0.200 0.018 0.084 
480 Tote_Tote4_    (0)    2 :  0.073 0.473 0.003 0.143 0.203 0.021 0.084 
481 Tote_Tote5_    (0)    2 :  0.082 0.464 0.003 0.134 0.184 0.013 0.119 
482 Tote_Tote5_    (0)    2 :  0.093 0.453 0.003 0.142 0.200 0.012 0.097 
483 Tote_Tote5_    (0)    2 :  0.087 0.471 0.003 0.137 0.190 0.012 0.100 
484 Tote_Tote5_    (0)    2 :  0.075 0.497 0.003 0.140 0.195 0.010 0.080 
485 Tote_Tote5_    (0)    2 :  0.085 0.498 0.003 0.130 0.174 0.014 0.098 
486 Tote_Tote5_    (0)    2 :  0.063 0.461 0.003 0.147 0.210 0.011 0.104 
487 Taga_Taga1    (0)    3 :  0.501 0.002 0.008 0.067 0.030 0.065 0.327 
488 Taga_Taga2    (0)    3 :  0.465 0.002 0.011 0.083 0.038 0.069 0.332 
489 Taga_Taga3    (0)    3 :  0.452 0.002 0.008 0.074 0.034 0.056 0.373 
490 Taga_Taga4    (0)    3 :  0.496 0.002 0.009 0.071 0.033 0.063 0.326 
491 Taga_Taga5    (0)    3 :  0.481 0.002 0.009 0.076 0.035 0.070 0.327 
492 Taga_Taga6    (0)    3 :  0.452 0.003 0.013 0.080 0.038 0.066 0.348 
493 Taga_Taga7    (0)    3 :  0.522 0.002 0.009 0.076 0.035 0.061 0.295 
494 Taga_Taga8    (0)    3 :  0.493 0.002 0.010 0.071 0.033 0.072 0.320 
495 Taga_Taga9    (0)    3 :  0.530 0.002 0.008 0.069 0.032 0.057 0.303 
496 Taga_Taga1_    (0)    3 :  0.454 0.003 0.010 0.086 0.043 0.068 0.337 
497 Taga_Taga1_    (0)    3 :  0.463 0.002 0.009 0.072 0.033 0.097 0.323 
498 Taga_Taga1_    (0)    3 :  0.446 0.002 0.009 0.080 0.038 0.071 0.354 
499 Taga_Taga1_    (0)    3 :  0.453 0.002 0.010 0.081 0.038 0.057 0.358 
500 Taga_Taga1_    (0)    3 :  0.465 0.002 0.009 0.076 0.035 0.066 0.349 
501 Taga_Taga1_    (0)    3 :  0.495 0.002 0.009 0.075 0.035 0.060 0.325 
502 Taga_Taga1_    (0)    3 :  0.517 0.002 0.008 0.071 0.033 0.079 0.290 
503 Taga_Taga1_    (0)    3 :  0.467 0.002 0.008 0.073 0.034 0.087 0.328 
504 Taga_Taga1_    (0)    3 :  0.483 0.002 0.009 0.071 0.033 0.073 0.329 
505 Taga_Taga1_    (0)    3 :  0.505 0.002 0.008 0.068 0.031 0.072 0.313 
506 Taga_Taga2_    (0)    3 :  0.474 0.002 0.008 0.070 0.032 0.070 0.344 
507 Taga_Taga2_    (0)    3 :  0.472 0.002 0.008 0.068 0.031 0.064 0.356 
