

----------------------------------------------------
STRUCTURE by Pritchard, Stephens and Donnelly (2000)
     and Falush, Stephens and Pritchard (2003)
       Code by Pritchard, Falush and Hubisz
             Version 2.3.4 (Jul 2012)
----------------------------------------------------



Command line arguments:   /opt/anaconda3/bin/structure -K 8 -i /data/home/edc5240/Daruanus/Daruanus_All_8locus_stru.txt -o /data/home/edc5240/Daruanus/output/str_K8_rep2 -D 8972939 -m /data/home/edc5240/Daruanus/mainparams -e /data/home/edc5240/Daruanus/extraparams 
Input File:    /data/home/edc5240/Daruanus/Daruanus_All_8locus_stru.txt

Run parameters:
   1358 individuals
   8 loci
   8 populations assumed
   250000 Burn-in period
   1000000 Reps
LOCPRIOR model used
RANDOMIZE turned off


--------------------------------------------
Proportion of membership of each pre-defined
 population in each of the 8 clusters

Given    Inferred Clusters                                          Number of
 Pop       1      2      3      4      5      6      7      8      Individuals

  1:     0.019  0.010  0.023  0.040  0.047  0.574  0.005  0.283       72
  2:     0.105  0.025  0.069  0.246  0.076  0.004  0.020  0.455      414
  3:     0.610  0.130  0.067  0.066  0.019  0.003  0.099  0.005      358
  4:     0.142  0.002  0.024  0.013  0.011  0.002  0.805  0.002      441
  5:     0.104  0.012  0.016  0.015  0.011  0.002  0.834  0.005       73
--------------------------------------------

Allele-freq. divergence among pops (Net nucleotide distance),
computed using point estimates of P.

      1       2       3       4       5       6       7       8      
 1      -    0.0265  0.0367  0.0374  0.0376  0.0576  0.0543  0.0612  
 2   0.0265     -    0.0035  0.0037  0.0038  0.0182  0.0362  0.0174  
 3   0.0367  0.0035     -    0.0000  0.0000  0.0126  0.0356  0.0105  
 4   0.0374  0.0037  0.0000     -    0.0000  0.0127  0.0360  0.0098  
 5   0.0376  0.0038  0.0000  0.0000     -    0.0124  0.0362  0.0096  
 6   0.0576  0.0182  0.0126  0.0127  0.0124     -    0.0552  0.0180  
 7   0.0543  0.0362  0.0356  0.0360  0.0362  0.0552     -    0.0590  
 8   0.0612  0.0174  0.0105  0.0098  0.0096  0.0180  0.0590     -    

Average distances (expected heterozygosity) between individuals in same cluster:
cluster  1  : 0.7863 
cluster  2  : 0.8967 
cluster  3  : 0.9147 
cluster  4  : 0.9153 
cluster  5  : 0.9148 
cluster  6  : 0.8885 
cluster  7  : 0.8285 
cluster  8  : 0.8901 

--------------------------------------------
Estimated Ln Prob of Data   = -56491.1
Mean value of ln likelihood = -54884.5
Variance of ln likelihood   = 3213.1
Mean value of alpha         = 7.8534

Mean value of alpha_local for each location:
	location  1:  1.2588  0.7037  1.2741  2.8749  3.5255  36.9827  0.3157  18.7785
	location  2:  3.2114  0.7041  1.8228  7.5676  2.3266  0.1033  0.5771  13.3186
	location  3:  30.6574  6.5848  3.4450  3.3795  0.9579  0.1542  5.0834  0.2512
	location  4:  4.4428  0.0685  0.8914  0.4751  0.3443  0.0621  29.7286  0.0689
	location  5:  2.9142  0.4955  0.6070  0.5601  0.4174  0.0947  32.2595  0.1885

Mean value of Fst_1         = 0.0931
Mean value of Fst_2         = 0.0391
Mean value of Fst_3         = 0.0060
Mean value of Fst_4         = 0.0028
Mean value of Fst_5         = 0.0109
Mean value of Fst_6         = 0.0404
Mean value of Fst_7         = 0.0854
Mean value of Fst_8         = 0.0291

Mean value of r = 0.0631

Inferred ancestry of individuals:
        Label (%Miss) Pop:  Inferred clusters
  1 Lion_Lion1    (0)    1 :  0.018 0.009 0.022 0.039 0.045 0.589 0.005 0.274 
  2 Lion_Lion2    (0)    1 :  0.020 0.011 0.024 0.041 0.048 0.576 0.005 0.275 
  3 Lion_Lion3    (0)    1 :  0.020 0.010 0.023 0.040 0.046 0.585 0.005 0.272 
  4 Lion_Lion4    (0)    1 :  0.020 0.010 0.023 0.040 0.047 0.569 0.005 0.286 
  5 Lion_Lion5    (0)    1 :  0.017 0.009 0.022 0.039 0.046 0.584 0.005 0.276 
  6 Lion_Lion6    (0)    1 :  0.017 0.010 0.024 0.042 0.049 0.573 0.004 0.281 
  7 Lion_Lion7    (0)    1 :  0.018 0.010 0.023 0.041 0.048 0.570 0.005 0.286 
  8 Lion_Lion8    (0)    1 :  0.019 0.010 0.023 0.040 0.047 0.576 0.005 0.280 
  9 Lion_Lion9    (0)    1 :  0.020 0.010 0.023 0.040 0.047 0.586 0.006 0.268 
 10 Lion_Lion10    (0)    1 :  0.016 0.010 0.024 0.043 0.050 0.552 0.004 0.301 
 11 Lion_Lion11    (0)    1 :  0.019 0.010 0.023 0.041 0.047 0.573 0.005 0.282 
 12 Lion_Lion13    (0)    1 :  0.019 0.010 0.023 0.040 0.047 0.564 0.005 0.293 
 13 Lion_Lion14    (0)    1 :  0.018 0.010 0.023 0.041 0.047 0.584 0.005 0.272 
 14 Lion_Lion15    (0)    1 :  0.018 0.010 0.024 0.042 0.049 0.566 0.005 0.287 
 15 Lion_Lion16    (0)    1 :  0.017 0.010 0.023 0.041 0.047 0.569 0.004 0.289 
 16 Lion_Lion17    (0)    1 :  0.018 0.010 0.024 0.041 0.048 0.591 0.005 0.265 
 17 Lion_Lion18    (0)    1 :  0.018 0.009 0.022 0.039 0.046 0.574 0.004 0.288 
 18 Lion_Lion19    (0)    1 :  0.021 0.011 0.024 0.042 0.048 0.569 0.005 0.280 
 19 Lion_Lion20    (0)    1 :  0.021 0.010 0.025 0.043 0.049 0.558 0.005 0.290 
 20 Lion_Lion21    (0)    1 :  0.017 0.009 0.024 0.041 0.048 0.562 0.005 0.293 
 21 Lion_Lion22    (0)    1 :  0.016 0.009 0.022 0.039 0.046 0.590 0.004 0.272 
 22 Lion_Lion23    (0)    1 :  0.017 0.009 0.023 0.040 0.047 0.570 0.004 0.290 
 23 Lion_Lion24    (0)    1 :  0.021 0.010 0.024 0.042 0.048 0.570 0.004 0.281 
 24 Lion_Lion25    (0)    1 :  0.020 0.010 0.023 0.040 0.047 0.574 0.005 0.282 
 25 Lion_Lion26    (0)    1 :  0.018 0.010 0.023 0.040 0.047 0.579 0.005 0.279 
 26 Lion_Lion27    (0)    1 :  0.019 0.010 0.023 0.040 0.046 0.574 0.004 0.285 
 27 Lion_Lion28    (0)    1 :  0.018 0.009 0.023 0.040 0.047 0.584 0.005 0.274 
 28 Lion_Lion29    (0)    1 :  0.016 0.009 0.023 0.041 0.048 0.583 0.004 0.276 
 29 Lion_Lion30    (0)    1 :  0.019 0.010 0.025 0.042 0.049 0.562 0.005 0.287 
 30 Lion_Lion31    (0)    1 :  0.018 0.009 0.022 0.040 0.046 0.586 0.004 0.273 
 31 Lion_Lion32    (0)    1 :  0.016 0.009 0.021 0.038 0.044 0.598 0.004 0.270 
 32 Lion_Lion33    (0)    1 :  0.017 0.009 0.023 0.040 0.047 0.563 0.005 0.297 
 33 Lion_Lion34    (0)    1 :  0.017 0.009 0.021 0.038 0.045 0.579 0.005 0.286 
 34 Lion_Lion36    (0)    1 :  0.019 0.010 0.023 0.040 0.047 0.565 0.004 0.293 
 35 Lion_Lion38    (0)    1 :  0.018 0.009 0.022 0.039 0.046 0.572 0.004 0.289 
 36 Lion_Lion39    (0)    1 :  0.017 0.010 0.025 0.042 0.049 0.572 0.004 0.280 
 37 Lion_Lion40    (0)    1 :  0.019 0.010 0.022 0.039 0.046 0.581 0.005 0.278 
 38 Lion_Lion41    (0)    1 :  0.021 0.010 0.024 0.042 0.048 0.558 0.005 0.292 
 39 Lion_Lion42    (0)    1 :  0.019 0.010 0.024 0.042 0.049 0.564 0.004 0.289 
 40 Lion_Lion43    (0)    1 :  0.019 0.009 0.023 0.040 0.047 0.559 0.005 0.298 
 41 Lion_Lion44    (0)    1 :  0.020 0.010 0.025 0.042 0.049 0.574 0.004 0.275 
 42 Lion_Lion45    (0)    1 :  0.019 0.010 0.023 0.040 0.046 0.586 0.005 0.270 
 43 Lion_Lion46    (0)    1 :  0.020 0.010 0.022 0.040 0.046 0.586 0.005 0.270 
 44 Lion_Lion47    (0)    1 :  0.019 0.010 0.023 0.040 0.047 0.572 0.005 0.283 
 45 Lion_Lion48    (0)    1 :  0.019 0.010 0.023 0.040 0.047 0.563 0.004 0.294 
 46 Lion_Lion49    (0)    1 :  0.020 0.010 0.023 0.040 0.047 0.566 0.004 0.290 
 47 Lion_Lion50    (0)    1 :  0.020 0.010 0.025 0.043 0.050 0.562 0.005 0.286 
 48 Lion_Lion51    (0)    1 :  0.017 0.009 0.022 0.039 0.046 0.580 0.004 0.282 
 49 Lion_Lion52    (0)    1 :  0.019 0.010 0.024 0.042 0.048 0.574 0.005 0.278 
 50 Lolo_Lolo1    (0)    1 :  0.019 0.009 0.022 0.038 0.045 0.596 0.005 0.266 
 51 Lolo_Lolo2    (0)    1 :  0.019 0.010 0.023 0.040 0.047 0.589 0.005 0.267 
 52 Lolo_Lolo3    (0)    1 :  0.019 0.010 0.023 0.040 0.047 0.581 0.005 0.277 
 53 Lolo_Lolo4    (0)    1 :  0.019 0.009 0.022 0.039 0.046 0.573 0.005 0.287 
 54 Lolo_Lolo5    (0)    1 :  0.020 0.010 0.023 0.041 0.047 0.580 0.005 0.275 
 55 Lolo_Lolo6    (0)    1 :  0.019 0.010 0.023 0.041 0.048 0.557 0.006 0.296 
 56 Lolo_Lolo7    (0)    1 :  0.018 0.009 0.023 0.040 0.046 0.585 0.004 0.275 
 57 Lolo_Lolo8    (0)    1 :  0.018 0.010 0.023 0.040 0.046 0.584 0.005 0.274 
 58 Lolo_Lolo9    (0)    1 :  0.020 0.009 0.022 0.040 0.046 0.583 0.005 0.274 
 59 Manu_Manu1    (0)    1 :  0.019 0.010 0.023 0.040 0.047 0.580 0.004 0.277 
 60 Manu_Manu2    (0)    1 :  0.020 0.010 0.023 0.040 0.047 0.568 0.005 0.286 
 61 Manu_Manu3    (0)    1 :  0.018 0.010 0.023 0.040 0.047 0.565 0.004 0.293 
 62 Manu_Manu4    (0)    1 :  0.022 0.010 0.023 0.040 0.047 0.570 0.005 0.284 
 63 Manu_Manu5    (0)    1 :  0.018 0.010 0.024 0.041 0.048 0.557 0.006 0.297 
 64 Manu_Manu6    (0)    1 :  0.018 0.010 0.024 0.041 0.048 0.552 0.005 0.303 
 65 Manu_Manu7    (0)    1 :  0.017 0.010 0.024 0.041 0.048 0.572 0.005 0.283 
 66 Manu_Manu8    (0)    1 :  0.018 0.010 0.023 0.041 0.047 0.568 0.004 0.289 
 67 Manu_Manu9    (0)    1 :  0.021 0.010 0.024 0.042 0.049 0.568 0.005 0.280 
 68 Manu_Manu10    (0)    1 :  0.018 0.010 0.024 0.042 0.049 0.558 0.005 0.294 
 69 Manu_Manu11    (0)    1 :  0.018 0.010 0.023 0.041 0.048 0.568 0.005 0.288 
 70 Manu_Manu13    (0)    1 :  0.023 0.010 0.023 0.040 0.046 0.583 0.005 0.270 
 71 Manu_Manu14    (0)    1 :  0.017 0.009 0.023 0.040 0.047 0.559 0.004 0.302 
 72 Manu_Manu15    (0)    1 :  0.017 0.009 0.022 0.038 0.045 0.583 0.004 0.282 
 73   Go_Go1    (0)    2 :  0.113 0.024 0.071 0.253 0.078 0.004 0.019 0.437 
 74   Go_Go2    (0)    2 :  0.111 0.033 0.065 0.236 0.072 0.004 0.022 0.456 
 75   Go_Go3    (0)    2 :  0.107 0.025 0.073 0.257 0.078 0.004 0.018 0.439 
 76   Go_Go4    (0)    2 :  0.099 0.025 0.070 0.252 0.077 0.004 0.016 0.456 
 77   Go_Go5    (0)    2 :  0.106 0.026 0.072 0.255 0.078 0.004 0.020 0.440 
 78   Go_Go6    (0)    2 :  0.096 0.025 0.069 0.246 0.076 0.004 0.016 0.468 
 79   Go_Go7    (0)    2 :  0.109 0.031 0.069 0.248 0.076 0.004 0.017 0.446 
 80   Go_Go8    (0)    2 :  0.102 0.028 0.071 0.251 0.076 0.005 0.015 0.452 
 81   Go_Go9    (0)    2 :  0.094 0.022 0.072 0.254 0.079 0.005 0.027 0.447 
 82  Go_Go10    (0)    2 :  0.100 0.026 0.072 0.256 0.078 0.004 0.018 0.446 
 83  Go_Go11    (0)    2 :  0.105 0.028 0.068 0.246 0.076 0.003 0.017 0.457 
 84  Go_Go12    (0)    2 :  0.105 0.027 0.069 0.245 0.075 0.005 0.020 0.453 
 85  Go_Go13    (0)    2 :  0.090 0.024 0.071 0.253 0.078 0.003 0.019 0.463 
 86  Go_Go14    (0)    2 :  0.103 0.030 0.068 0.244 0.075 0.004 0.022 0.453 
 87  Go_Go15    (0)    2 :  0.108 0.024 0.068 0.246 0.075 0.003 0.017 0.459 
 88  Go_Go16    (0)    2 :  0.102 0.023 0.072 0.256 0.078 0.004 0.017 0.446 
 89  Go_Go17    (0)    2 :  0.109 0.023 0.066 0.234 0.073 0.004 0.019 0.473 
 90  Go_Go18    (0)    2 :  0.116 0.024 0.068 0.244 0.075 0.004 0.019 0.449 
 91  Go_Go19    (0)    2 :  0.121 0.026 0.066 0.238 0.074 0.004 0.025 0.446 
 92  Go_Go20    (0)    2 :  0.108 0.025 0.070 0.249 0.076 0.004 0.016 0.453 
 93  Go_Go21    (0)    2 :  0.104 0.022 0.067 0.241 0.074 0.003 0.018 0.470 
 94  Go_Go22    (0)    2 :  0.099 0.024 0.068 0.243 0.074 0.004 0.017 0.470 
 95  Go_Go23    (0)    2 :  0.120 0.028 0.067 0.240 0.074 0.004 0.020 0.446 
 96  Go_Go24    (0)    2 :  0.101 0.024 0.068 0.247 0.076 0.004 0.020 0.461 
 97  Go_Go25    (0)    2 :  0.117 0.030 0.068 0.243 0.074 0.004 0.018 0.444 
 98  Go_Go27    (0)    2 :  0.108 0.026 0.069 0.246 0.075 0.004 0.031 0.442 
 99  Go_Go28    (0)    2 :  0.108 0.024 0.072 0.253 0.078 0.004 0.028 0.433 
100  Go_Go29    (0)    2 :  0.145 0.026 0.067 0.238 0.073 0.004 0.026 0.423 
101  Go_Go30    (0)    2 :  0.086 0.020 0.067 0.238 0.074 0.004 0.017 0.494 
102  Go_Go31    (0)    2 :  0.120 0.032 0.065 0.235 0.072 0.003 0.017 0.456 
103  Go_Go32    (0)    2 :  0.112 0.030 0.071 0.254 0.077 0.003 0.024 0.428 
104  Go_Go33    (0)    2 :  0.090 0.023 0.069 0.247 0.076 0.003 0.018 0.474 
105  Go_Go34    (0)    2 :  0.117 0.025 0.066 0.238 0.073 0.003 0.018 0.459 
106  Go_Go35    (0)    2 :  0.113 0.028 0.069 0.247 0.076 0.004 0.020 0.442 
107  Go_Go36    (0)    2 :  0.108 0.033 0.071 0.254 0.077 0.003 0.016 0.438 
108  Go_Go37    (0)    2 :  0.099 0.026 0.076 0.265 0.081 0.004 0.018 0.431 
109  Go_Go38    (0)    2 :  0.087 0.023 0.073 0.257 0.079 0.004 0.015 0.463 
110  Go_Go39    (0)    2 :  0.135 0.024 0.070 0.249 0.075 0.004 0.019 0.424 
111  Go_Go40    (0)    2 :  0.113 0.024 0.070 0.248 0.076 0.004 0.017 0.448 
112  Go_Go41    (0)    2 :  0.104 0.038 0.068 0.247 0.075 0.004 0.017 0.448 
113  Go_Go42    (0)    2 :  0.136 0.041 0.068 0.244 0.074 0.004 0.025 0.408 
114  Go_Go43    (0)    2 :  0.135 0.027 0.066 0.238 0.073 0.003 0.021 0.436 
115  Go_Go44    (0)    2 :  0.102 0.026 0.070 0.250 0.077 0.004 0.023 0.449 
116  Go_Go45    (0)    2 :  0.099 0.026 0.071 0.258 0.078 0.004 0.017 0.448 
117  Go_Go46    (0)    2 :  0.104 0.028 0.073 0.257 0.078 0.005 0.019 0.436 
118  Go_Go47    (0)    2 :  0.102 0.024 0.074 0.262 0.080 0.004 0.022 0.431 
119  Go_Go48    (0)    2 :  0.097 0.023 0.068 0.242 0.076 0.004 0.016 0.475 
120  Go_Go49    (0)    2 :  0.097 0.026 0.073 0.261 0.079 0.004 0.021 0.438 
121  Go_Go50    (0)    2 :  0.105 0.022 0.068 0.243 0.075 0.004 0.018 0.465 
122  Go_Go51    (0)    2 :  0.077 0.020 0.068 0.243 0.075 0.004 0.018 0.495 
123  Go_Go52    (0)    2 :  0.097 0.022 0.071 0.254 0.078 0.003 0.017 0.456 
124  Go_Go53    (0)    2 :  0.096 0.024 0.069 0.245 0.076 0.004 0.018 0.468 
125  Go_Go54    (0)    2 :  0.092 0.024 0.067 0.241 0.074 0.003 0.020 0.479 
126  Go_Go55    (0)    2 :  0.086 0.023 0.069 0.248 0.077 0.003 0.016 0.478 
127  Go_Go56    (0)    2 :  0.101 0.028 0.067 0.242 0.074 0.003 0.021 0.464 
128 Hie_Hie2    (0)    2 :  0.092 0.022 0.080 0.280 0.085 0.003 0.019 0.420 
129 Hie_Hie3    (0)    2 :  0.107 0.028 0.069 0.246 0.076 0.004 0.024 0.448 
130 Hie_Hie4    (0)    2 :  0.120 0.030 0.065 0.237 0.073 0.003 0.019 0.452 
131 Hie_Hie5    (0)    2 :  0.103 0.024 0.064 0.229 0.071 0.003 0.017 0.489 
132 Hie_Hie6    (0)    2 :  0.109 0.023 0.068 0.244 0.075 0.004 0.021 0.455 
133 Hie_Hie7    (0)    2 :  0.113 0.025 0.065 0.233 0.072 0.004 0.024 0.465 
134 Hie_Hie8    (0)    2 :  0.108 0.029 0.071 0.250 0.077 0.004 0.020 0.442 
135 Hie_Hie9    (0)    2 :  0.106 0.023 0.069 0.246 0.075 0.005 0.020 0.456 
136 Hie_Hie11    (0)    2 :  0.132 0.031 0.067 0.238 0.073 0.004 0.021 0.434 
137 Hie_Hie12    (0)    2 :  0.095 0.027 0.064 0.232 0.072 0.003 0.018 0.488 
138 Hie_Hie13    (0)    2 :  0.107 0.024 0.071 0.250 0.077 0.004 0.016 0.452 
139 Hie_Hie14    (0)    2 :  0.089 0.023 0.073 0.257 0.079 0.004 0.016 0.459 
140 Hie_Hie15    (0)    2 :  0.105 0.025 0.070 0.250 0.076 0.004 0.022 0.448 
141 Hie_Hie16    (0)    2 :  0.089 0.021 0.064 0.232 0.072 0.004 0.016 0.501 
142 Hie_Hie17    (0)    2 :  0.152 0.026 0.066 0.238 0.073 0.004 0.026 0.416 
143 Hie_Hie18    (0)    2 :  0.101 0.023 0.069 0.250 0.077 0.004 0.017 0.460 
144 Hie_Hie19    (0)    2 :  0.121 0.028 0.072 0.255 0.077 0.003 0.019 0.424 
145 Hie_Hie20    (0)    2 :  0.104 0.024 0.072 0.257 0.078 0.003 0.023 0.438 
146 Hie_Hie21    (0)    2 :  0.106 0.034 0.071 0.254 0.077 0.004 0.018 0.435 
147 Hie_Hie22    (0)    2 :  0.104 0.025 0.068 0.242 0.075 0.004 0.019 0.464 
148 Hie_Hie23    (0)    2 :  0.093 0.021 0.071 0.252 0.077 0.004 0.016 0.468 
149 Hie_Hie24    (0)    2 :  0.097 0.025 0.069 0.244 0.076 0.004 0.018 0.467 
150 Hie_Hie25    (0)    2 :  0.118 0.024 0.064 0.229 0.071 0.003 0.018 0.474 
151 Hie_Hie26    (0)    2 :  0.089 0.024 0.069 0.244 0.076 0.004 0.016 0.479 
152 Hie_Hie27    (0)    2 :  0.106 0.028 0.073 0.259 0.079 0.005 0.017 0.433 
153 Hie_Hie28    (0)    2 :  0.104 0.024 0.070 0.249 0.077 0.003 0.025 0.448 
154 Hie_Hie29    (0)    2 :  0.108 0.027 0.068 0.244 0.075 0.003 0.030 0.446 
155 Hie_Hie30    (0)    2 :  0.093 0.024 0.072 0.255 0.078 0.004 0.019 0.454 
156 Hie_Hie31    (0)    2 :  0.101 0.022 0.064 0.231 0.071 0.003 0.020 0.487 
157 Hie_Hie32    (0)    2 :  0.092 0.024 0.068 0.246 0.076 0.004 0.019 0.472 
158 Hie_Hie33    (0)    2 :  0.106 0.027 0.067 0.239 0.074 0.004 0.020 0.463 
159 Hie_Hie34    (0)    2 :  0.111 0.025 0.068 0.245 0.075 0.004 0.019 0.452 
160 Hie_Hie35    (0)    2 :  0.102 0.029 0.068 0.244 0.075 0.003 0.017 0.462 
161 Hie_Hie36    (0)    2 :  0.100 0.029 0.064 0.232 0.071 0.004 0.018 0.482 
162 Hie_Hie37    (0)    2 :  0.105 0.024 0.067 0.241 0.074 0.004 0.020 0.465 
163 Hie_Hie38    (0)    2 :  0.092 0.026 0.068 0.244 0.076 0.003 0.023 0.467 
164 Hie_Hie39    (0)    2 :  0.113 0.024 0.071 0.251 0.077 0.005 0.018 0.442 
165 Hie_Hie40    (0)    2 :  0.101 0.023 0.069 0.246 0.076 0.004 0.018 0.465 
166 Hie_Hie41    (0)    2 :  0.094 0.023 0.072 0.258 0.079 0.006 0.019 0.448 
167 Hie_Hie42    (0)    2 :  0.146 0.029 0.070 0.249 0.076 0.005 0.030 0.395 
168 Hie_Hie43    (0)    2 :  0.110 0.026 0.071 0.252 0.077 0.004 0.033 0.427 
169 Hie_Hie44    (0)    2 :  0.090 0.028 0.073 0.261 0.079 0.003 0.014 0.450 
170 Hie_Hie45    (0)    2 :  0.133 0.032 0.065 0.232 0.071 0.004 0.020 0.443 
171 Hie_Hie46    (0)    2 :  0.104 0.025 0.066 0.236 0.073 0.003 0.020 0.474 
172 Hie_Hie47    (0)    2 :  0.093 0.025 0.069 0.249 0.076 0.004 0.016 0.468 
173 Hie_Hie48    (0)    2 :  0.107 0.026 0.068 0.240 0.074 0.004 0.018 0.464 
174 Hie_Hie49    (0)    2 :  0.097 0.020 0.073 0.260 0.079 0.003 0.015 0.451 
175 Lar_Lar1    (0)    2 :  0.090 0.024 0.069 0.247 0.076 0.004 0.016 0.473 
176 Lar_Lar2    (0)    2 :  0.091 0.023 0.071 0.251 0.077 0.004 0.020 0.463 
177 Lar_Lar3    (0)    2 :  0.113 0.029 0.066 0.236 0.072 0.003 0.027 0.454 
178 Lar_Lar4    (0)    2 :  0.108 0.027 0.066 0.236 0.073 0.003 0.021 0.466 
179 Lar_Lar5    (0)    2 :  0.103 0.023 0.068 0.241 0.075 0.004 0.018 0.468 
180 Lar_Lar6    (0)    2 :  0.092 0.024 0.071 0.254 0.078 0.004 0.018 0.459 
181 Lar_Lar7    (0)    2 :  0.129 0.026 0.071 0.250 0.076 0.003 0.022 0.421 
182 Lar_Lar8    (0)    2 :  0.123 0.023 0.065 0.232 0.072 0.004 0.018 0.464 
183 Lar_Lar10    (0)    2 :  0.107 0.027 0.069 0.246 0.075 0.004 0.021 0.450 
184 Lar_Lar11    (0)    2 :  0.102 0.022 0.069 0.248 0.076 0.003 0.023 0.456 
185 Lar_Lar12    (0)    2 :  0.120 0.025 0.071 0.250 0.077 0.003 0.021 0.432 
186 Lar_Lar14    (0)    2 :  0.104 0.025 0.074 0.263 0.080 0.004 0.017 0.433 
187 Lar_Lar15    (0)    2 :  0.101 0.023 0.068 0.241 0.075 0.004 0.020 0.469 
188 Lar_Lar16    (0)    2 :  0.101 0.022 0.065 0.233 0.073 0.004 0.019 0.484 
189 Lar_Lar17    (0)    2 :  0.131 0.025 0.072 0.253 0.077 0.003 0.017 0.420 
190 Lar_Lar18    (0)    2 :  0.105 0.028 0.068 0.244 0.075 0.003 0.018 0.458 
191 Lar_Lar19    (0)    2 :  0.099 0.025 0.066 0.239 0.074 0.004 0.019 0.474 
192 Lar_Lar20    (0)    2 :  0.124 0.023 0.070 0.250 0.076 0.003 0.028 0.425 
193 Lar_Lar21    (0)    2 :  0.084 0.024 0.066 0.238 0.074 0.004 0.015 0.495 
194 Lar_Lar22    (0)    2 :  0.109 0.025 0.071 0.253 0.077 0.003 0.018 0.444 
195 Lar_Lar23    (0)    2 :  0.094 0.022 0.065 0.233 0.072 0.004 0.017 0.493 
196 Lar_Lar24    (0)    2 :  0.114 0.022 0.066 0.237 0.073 0.004 0.018 0.465 
197 Lar_Lar25    (0)    2 :  0.101 0.026 0.073 0.256 0.078 0.004 0.025 0.437 
198 Lar_Lar26    (0)    2 :  0.104 0.025 0.070 0.247 0.076 0.004 0.022 0.452 
199 Lar_Lar27    (0)    2 :  0.117 0.022 0.068 0.244 0.075 0.005 0.018 0.451 
200 Lar_Lar28    (0)    2 :  0.094 0.022 0.065 0.233 0.073 0.003 0.022 0.488 
201 Lar_Lar29    (0)    2 :  0.090 0.024 0.071 0.254 0.078 0.004 0.018 0.462 
202 Lar_Lar30    (0)    2 :  0.108 0.030 0.068 0.242 0.074 0.005 0.019 0.453 
203 Lar_Lar31    (0)    2 :  0.099 0.025 0.071 0.256 0.078 0.003 0.019 0.448 
204 Lar_Lar32    (0)    2 :  0.119 0.030 0.067 0.241 0.073 0.004 0.018 0.448 
205 Lar_Lar33    (0)    2 :  0.108 0.026 0.064 0.230 0.071 0.003 0.025 0.472 
206 Lar_Lar34    (0)    2 :  0.126 0.025 0.065 0.232 0.071 0.004 0.016 0.461 
207 Lar_Lar35    (0)    2 :  0.095 0.027 0.067 0.244 0.075 0.003 0.016 0.472 
208 Lar_Lar36    (0)    2 :  0.108 0.025 0.069 0.248 0.076 0.004 0.038 0.432 
209 Lar_Lar37    (0)    2 :  0.103 0.023 0.071 0.254 0.077 0.004 0.017 0.451 
210 Lar_Lar38    (0)    2 :  0.095 0.024 0.072 0.255 0.078 0.004 0.016 0.455 
211 Lar_Lar39    (0)    2 :  0.110 0.025 0.075 0.263 0.080 0.004 0.022 0.421 
212 Lar_Lar40    (0)    2 :  0.104 0.030 0.064 0.232 0.071 0.004 0.018 0.476 
213 Lar_Lar41    (0)    2 :  0.086 0.022 0.067 0.244 0.075 0.003 0.016 0.487 
214 Lar_Lar42    (0)    2 :  0.097 0.022 0.066 0.234 0.073 0.004 0.021 0.484 
215 Lar_Lar43    (0)    2 :  0.136 0.030 0.067 0.241 0.073 0.003 0.029 0.420 
216 Lar_Lar44    (0)    2 :  0.113 0.024 0.074 0.258 0.079 0.004 0.022 0.427 
217 Lar_Lar45    (0)    2 :  0.103 0.026 0.070 0.248 0.076 0.004 0.018 0.455 
218 Lar_Lar46    (0)    2 :  0.087 0.021 0.061 0.222 0.070 0.003 0.016 0.519 
219 Lar_Lar47    (0)    2 :  0.095 0.026 0.073 0.259 0.079 0.004 0.019 0.446 
220 Lar_Lar48    (0)    2 :  0.109 0.033 0.068 0.243 0.074 0.004 0.017 0.453 
221 Lar_Lar49    (0)    2 :  0.115 0.023 0.067 0.243 0.075 0.004 0.026 0.447 
222 Lar_Lar50    (0)    2 :  0.091 0.022 0.069 0.248 0.077 0.004 0.016 0.473 
223 Lar_Lar51    (0)    2 :  0.112 0.027 0.066 0.238 0.073 0.003 0.018 0.461 
224 Lar_Lar52    (0)    2 :  0.099 0.021 0.070 0.250 0.077 0.004 0.018 0.461 
225 Lar_Lar53    (0)    2 :  0.081 0.020 0.068 0.243 0.076 0.004 0.015 0.493 
226 Mara_Mara1    (0)    2 :  0.092 0.024 0.072 0.257 0.078 0.004 0.019 0.453 
227 Mara_Mara2    (0)    2 :  0.097 0.023 0.070 0.249 0.077 0.003 0.017 0.463 
228 Mara_Mara3    (0)    2 :  0.105 0.028 0.065 0.233 0.072 0.004 0.015 0.478 
229 Mara_Mara4    (0)    2 :  0.098 0.023 0.072 0.257 0.079 0.004 0.023 0.445 
230 Mara_Mara5    (0)    2 :  0.093 0.022 0.071 0.250 0.077 0.004 0.016 0.467 
231 Mara_Mara6    (0)    2 :  0.095 0.023 0.073 0.257 0.078 0.004 0.019 0.450 
232 Mara_Mara7    (0)    2 :  0.097 0.025 0.075 0.260 0.079 0.005 0.020 0.439 
233 Mara_Mara8    (0)    2 :  0.115 0.025 0.064 0.231 0.072 0.003 0.017 0.472 
234 Mara_Mara9    (0)    2 :  0.093 0.025 0.064 0.230 0.072 0.004 0.015 0.497 
235 Mara_Mara1_    (0)    2 :  0.115 0.034 0.069 0.250 0.076 0.003 0.029 0.425 
236 Mara_Mara1_    (0)    2 :  0.109 0.026 0.070 0.252 0.077 0.003 0.024 0.438 
237 Mara_Mara1_    (0)    2 :  0.105 0.025 0.069 0.249 0.077 0.003 0.020 0.452 
238 Mara_Mara1_    (0)    2 :  0.091 0.023 0.074 0.263 0.080 0.003 0.021 0.445 
239 Mara_Mara1_    (0)    2 :  0.098 0.025 0.070 0.252 0.077 0.004 0.038 0.435 
240 Mara_Mara1_    (0)    2 :  0.110 0.026 0.069 0.246 0.075 0.004 0.020 0.451 
241 Mara_Mara1_    (0)    2 :  0.115 0.026 0.072 0.254 0.077 0.004 0.019 0.433 
242 Mara_Mara1_    (0)    2 :  0.104 0.028 0.072 0.254 0.078 0.004 0.018 0.441 
243 Mara_Mara1_    (0)    2 :  0.103 0.023 0.065 0.233 0.072 0.004 0.020 0.478 
244 Mara_Mara1_    (0)    2 :  0.107 0.023 0.068 0.241 0.075 0.004 0.018 0.463 
245 Mara_Mara2_    (0)    2 :  0.111 0.027 0.067 0.241 0.074 0.003 0.019 0.458 
246 Mara_Mara2_    (0)    2 :  0.110 0.027 0.071 0.252 0.077 0.004 0.027 0.432 
247 Mara_Mara2_    (0)    2 :  0.093 0.022 0.066 0.239 0.074 0.004 0.016 0.487 
248 Mara_Mara2_    (0)    2 :  0.096 0.023 0.069 0.246 0.076 0.003 0.018 0.468 
249 Mara_Mara2_    (0)    2 :  0.094 0.025 0.064 0.229 0.071 0.003 0.019 0.494 
250 Mara_Mara2_    (0)    2 :  0.120 0.026 0.067 0.239 0.073 0.004 0.018 0.454 
251 Mara_Mara2_    (0)    2 :  0.094 0.023 0.072 0.259 0.079 0.003 0.016 0.454 
252 Mara_Mara2_    (0)    2 :  0.107 0.024 0.071 0.253 0.078 0.004 0.018 0.444 
253 Mara_Mara2_    (0)    2 :  0.098 0.022 0.068 0.241 0.074 0.004 0.030 0.463 
254 Mara_Mara2_    (0)    2 :  0.118 0.026 0.072 0.253 0.077 0.004 0.027 0.424 
255 Mara_Mara3_    (0)    2 :  0.110 0.025 0.076 0.265 0.080 0.005 0.038 0.401 
256 Mara_Mara3_    (0)    2 :  0.128 0.024 0.072 0.252 0.077 0.005 0.022 0.420 
257 Mara_Mara3_    (0)    2 :  0.101 0.022 0.071 0.252 0.078 0.004 0.017 0.456 
258 Mara_Mara3_    (0)    2 :  0.107 0.023 0.070 0.250 0.077 0.003 0.019 0.451 
259 Mara_Mara3_    (0)    2 :  0.103 0.025 0.068 0.243 0.075 0.003 0.026 0.457 
260 Mara_Mara3_    (0)    2 :  0.104 0.027 0.070 0.248 0.076 0.003 0.022 0.448 
261 Mara_Mara3_    (0)    2 :  0.106 0.024 0.067 0.239 0.074 0.004 0.023 0.463 
262 Mara_Mara3_    (0)    2 :  0.110 0.026 0.069 0.246 0.075 0.003 0.017 0.454 
263 Mara_Mara3_    (0)    2 :  0.100 0.020 0.062 0.225 0.070 0.004 0.015 0.504 
264 Mara_Mara3_    (0)    2 :  0.115 0.024 0.064 0.232 0.071 0.003 0.018 0.472 
265 Mara_Mara4_    (0)    2 :  0.139 0.029 0.067 0.242 0.074 0.004 0.021 0.425 
266 Mara_Mara4_    (0)    2 :  0.093 0.024 0.069 0.247 0.076 0.005 0.017 0.468 
267 Mara_Mara4_    (0)    2 :  0.109 0.027 0.066 0.239 0.073 0.004 0.017 0.466 
268 Mara_Mara4_    (0)    2 :  0.095 0.023 0.067 0.243 0.075 0.004 0.019 0.474 
269 Mara_Mara4_    (0)    2 :  0.100 0.023 0.067 0.240 0.074 0.004 0.016 0.475 
270 Mara_Mara4_    (0)    2 :  0.093 0.025 0.071 0.256 0.078 0.003 0.016 0.457 
271 Mara_Mara4_    (0)    2 :  0.124 0.024 0.065 0.236 0.072 0.004 0.017 0.458 
272 Mara_Mara4_    (0)    2 :  0.106 0.029 0.066 0.238 0.073 0.004 0.017 0.467 
273 Mara_Mara4_    (0)    2 :  0.084 0.022 0.070 0.248 0.076 0.004 0.025 0.470 
274 Mara_Mara4_    (0)    2 :  0.099 0.024 0.066 0.239 0.074 0.003 0.017 0.477 
275 Mara_Mara5_    (0)    2 :  0.098 0.026 0.065 0.234 0.072 0.004 0.019 0.483 
276 Mara_Mara5_    (0)    2 :  0.093 0.023 0.070 0.252 0.078 0.004 0.020 0.460 
277 Mara_Mara5_    (0)    2 :  0.126 0.024 0.070 0.248 0.076 0.004 0.026 0.427 
278 MBO_MBO1    (0)    2 :  0.121 0.031 0.071 0.252 0.076 0.005 0.017 0.427 
279 MBO_MBO2    (0)    2 :  0.131 0.023 0.066 0.239 0.073 0.004 0.022 0.442 
280 MBO_MBO3    (0)    2 :  0.095 0.024 0.067 0.243 0.075 0.003 0.015 0.478 
281 MBO_MBO4    (0)    2 :  0.120 0.022 0.064 0.233 0.071 0.005 0.019 0.466 
282 MBO_MBO6    (0)    2 :  0.118 0.024 0.069 0.244 0.075 0.003 0.017 0.450 
283 MBO_MBO7    (0)    2 :  0.084 0.022 0.068 0.242 0.075 0.003 0.019 0.487 
284 MBO_MBO8    (0)    2 :  0.128 0.030 0.070 0.250 0.076 0.004 0.019 0.422 
285 MBO_MBO9    (0)    2 :  0.129 0.031 0.068 0.242 0.074 0.004 0.021 0.431 
286 MBO_MBO10    (0)    2 :  0.106 0.025 0.070 0.251 0.077 0.004 0.018 0.449 
287 MBO_MBO11    (0)    2 :  0.093 0.022 0.079 0.272 0.083 0.004 0.018 0.429 
288 MBO_MBO12    (0)    2 :  0.087 0.021 0.077 0.269 0.082 0.004 0.017 0.443 
289 MBO_MBO13    (0)    2 :  0.096 0.024 0.072 0.255 0.078 0.004 0.016 0.456 
290 MBO_MBO14    (0)    2 :  0.098 0.022 0.066 0.235 0.073 0.003 0.018 0.484 
291 MBO_MBO15    (0)    2 :  0.114 0.028 0.067 0.245 0.075 0.004 0.019 0.448 
292 MBO_MBO16    (0)    2 :  0.100 0.026 0.072 0.256 0.078 0.004 0.015 0.448 
293 MBO_MBO17    (0)    2 :  0.100 0.030 0.070 0.247 0.075 0.004 0.019 0.457 
294 MBO_MBO18    (0)    2 :  0.124 0.026 0.072 0.252 0.077 0.004 0.020 0.425 
295 MBO_MBO19    (0)    2 :  0.109 0.030 0.074 0.259 0.079 0.004 0.018 0.428 
296 MBO_MBO20    (0)    2 :  0.101 0.022 0.067 0.239 0.074 0.003 0.027 0.468 
297 MBO_MBO21    (0)    2 :  0.097 0.023 0.069 0.248 0.077 0.004 0.017 0.464 
298 MBO_MBO22    (0)    2 :  0.096 0.023 0.068 0.245 0.076 0.004 0.018 0.469 
299 MBO_MBO23    (0)    2 :  0.102 0.023 0.066 0.237 0.073 0.004 0.021 0.474 
300 MBO_MBO24    (0)    2 :  0.092 0.022 0.069 0.247 0.077 0.004 0.019 0.470 
301 MBO_MBO25    (0)    2 :  0.095 0.025 0.068 0.243 0.075 0.003 0.017 0.474 
302 MBO_MBO26    (0)    2 :  0.105 0.021 0.069 0.247 0.077 0.003 0.017 0.461 
303 MBO_MBO27    (0)    2 :  0.107 0.024 0.067 0.241 0.074 0.004 0.020 0.462 
304 MBO_MBO28    (0)    2 :  0.099 0.023 0.071 0.253 0.076 0.004 0.023 0.451 
305 MBO_MBO29    (0)    2 :  0.103 0.025 0.071 0.254 0.078 0.004 0.024 0.441 
306 MBO_MBO30    (0)    2 :  0.097 0.023 0.068 0.243 0.075 0.006 0.018 0.469 
307 MBO_MBO31    (0)    2 :  0.121 0.023 0.071 0.253 0.077 0.005 0.018 0.432 
308 MBO_MBO32    (0)    2 :  0.094 0.023 0.072 0.256 0.078 0.004 0.018 0.454 
309 MBO_MBO33    (0)    2 :  0.108 0.031 0.074 0.259 0.079 0.004 0.020 0.426 
310 MBO_MBO34    (0)    2 :  0.098 0.026 0.065 0.232 0.072 0.004 0.019 0.485 
311 MBO_MBO35    (0)    2 :  0.097 0.023 0.077 0.271 0.081 0.004 0.015 0.433 
312 MBO_MBO36    (0)    2 :  0.094 0.024 0.075 0.263 0.080 0.005 0.023 0.437 
313 MBO_MBO37    (0)    2 :  0.116 0.026 0.067 0.240 0.074 0.004 0.019 0.455 
314 MBO_MBO38    (0)    2 :  0.114 0.031 0.069 0.251 0.076 0.004 0.018 0.437 
315 MBO_MBO39    (0)    2 :  0.093 0.022 0.065 0.235 0.073 0.004 0.015 0.494 
316 MBO_MBO40    (0)    2 :  0.107 0.023 0.065 0.233 0.072 0.004 0.018 0.478 
317 MBO_MBO41    (0)    2 :  0.122 0.031 0.066 0.242 0.074 0.003 0.016 0.446 
318 MBO_MBO42    (0)    2 :  0.107 0.025 0.069 0.246 0.075 0.004 0.018 0.457 
319 MBO_MBO43    (0)    2 :  0.086 0.024 0.074 0.261 0.080 0.005 0.015 0.456 
320 MBO_MBO44    (0)    2 :  0.106 0.025 0.070 0.251 0.077 0.005 0.018 0.448 
321 MBO_MBO45    (0)    2 :  0.119 0.029 0.068 0.242 0.074 0.004 0.019 0.446 
322 MBO_MBO46    (0)    2 :  0.105 0.028 0.070 0.250 0.076 0.004 0.018 0.450 
323 MBO_MBO47    (0)    2 :  0.109 0.023 0.072 0.254 0.078 0.004 0.018 0.443 
324 MBO_MBO48    (0)    2 :  0.100 0.023 0.069 0.248 0.076 0.004 0.016 0.463 
325 MBO_MBO49    (0)    2 :  0.106 0.025 0.074 0.261 0.079 0.004 0.018 0.433 
326 MBO_MBO50    (0)    2 :  0.094 0.022 0.070 0.251 0.077 0.003 0.017 0.465 
327 MBO_MBO51    (0)    2 :  0.087 0.022 0.072 0.253 0.079 0.004 0.018 0.465 
328 QBW_QBW1    (0)    2 :  0.103 0.029 0.065 0.235 0.072 0.003 0.017 0.475 
329 QBW_QBW2    (0)    2 :  0.091 0.024 0.067 0.242 0.075 0.004 0.016 0.481 
330 QBW_QBW3    (0)    2 :  0.109 0.022 0.066 0.235 0.073 0.004 0.018 0.475 
331 QBW_QBW4    (0)    2 :  0.138 0.028 0.068 0.242 0.074 0.003 0.024 0.423 
332 QBW_QBW5    (0)    2 :  0.095 0.022 0.069 0.249 0.077 0.004 0.021 0.462 
333 QBW_QBW6    (0)    2 :  0.094 0.024 0.064 0.230 0.071 0.004 0.019 0.495 
334 QBW_QBW7    (0)    2 :  0.115 0.029 0.068 0.244 0.075 0.004 0.017 0.447 
335 QBW_QBW8    (0)    2 :  0.110 0.024 0.070 0.250 0.077 0.004 0.021 0.445 
336 QBW_QBW9    (0)    2 :  0.104 0.023 0.075 0.265 0.080 0.004 0.030 0.419 
337 QBW_QBW10    (0)    2 :  0.107 0.024 0.068 0.245 0.075 0.004 0.020 0.457 
338 QBW_QBW11    (0)    2 :  0.106 0.025 0.071 0.250 0.076 0.004 0.016 0.452 
339 QBW_QBW12    (0)    2 :  0.125 0.024 0.067 0.241 0.074 0.004 0.018 0.447 
340 QBW_QBW13    (0)    2 :  0.105 0.023 0.069 0.247 0.076 0.004 0.018 0.458 
341 QBW_QBW14    (0)    2 :  0.095 0.023 0.069 0.247 0.076 0.004 0.017 0.468 
342 QBW_QBW15    (0)    2 :  0.108 0.028 0.067 0.237 0.073 0.004 0.021 0.462 
343 QBW_QBW16    (0)    2 :  0.111 0.028 0.071 0.251 0.077 0.004 0.020 0.439 
344 QBW_QBW17    (0)    2 :  0.120 0.027 0.065 0.231 0.072 0.004 0.020 0.461 
345 QBW_QBW18    (0)    2 :  0.105 0.026 0.069 0.246 0.076 0.004 0.016 0.458 
346 QBW_QBW19    (0)    2 :  0.086 0.023 0.069 0.250 0.077 0.004 0.016 0.475 
347 QBW_QBW20    (0)    2 :  0.097 0.024 0.068 0.245 0.075 0.004 0.016 0.470 
348 QBW_QBW21    (0)    2 :  0.116 0.022 0.067 0.242 0.074 0.004 0.017 0.458 
349 QBW_QBW22    (0)    2 :  0.106 0.024 0.067 0.241 0.074 0.004 0.019 0.464 
350 QBW_QBW23    (0)    2 :  0.099 0.022 0.072 0.257 0.079 0.004 0.016 0.453 
351 QBW_QBW24    (0)    2 :  0.090 0.020 0.069 0.246 0.076 0.003 0.017 0.478 
352 QBW_QBW25    (0)    2 :  0.098 0.026 0.072 0.253 0.077 0.004 0.023 0.447 
353 QBW_QBW26    (0)    2 :  0.108 0.024 0.068 0.241 0.074 0.004 0.020 0.462 
354 QBW_QBW27    (0)    2 :  0.098 0.022 0.066 0.237 0.074 0.003 0.017 0.483 
355 QBW_QBW28    (0)    2 :  0.102 0.023 0.074 0.260 0.078 0.004 0.017 0.442 
356 QBW_QBW29    (0)    2 :  0.111 0.027 0.070 0.253 0.077 0.003 0.017 0.443 
357 QBW_QBW30    (0)    2 :  0.100 0.024 0.070 0.250 0.077 0.004 0.018 0.457 
358 QBW_QBW31    (0)    2 :  0.108 0.033 0.063 0.230 0.071 0.003 0.018 0.474 
359 QBW_QBW32    (0)    2 :  0.111 0.028 0.070 0.251 0.077 0.004 0.020 0.439 
360 QBW_QBW33    (0)    2 :  0.120 0.027 0.065 0.231 0.072 0.004 0.020 0.462 
361 QBW_QBW34    (0)    2 :  0.105 0.026 0.070 0.250 0.077 0.004 0.016 0.452 
362 QBW_QBW35    (0)    2 :  0.086 0.023 0.069 0.250 0.077 0.004 0.016 0.475 
363 QBW_QBW36    (0)    2 :  0.097 0.024 0.068 0.245 0.075 0.004 0.016 0.470 
364 QBW_QBW37    (0)    2 :  0.093 0.023 0.073 0.258 0.079 0.004 0.021 0.449 
365 QBW_QBW38    (0)    2 :  0.101 0.024 0.067 0.239 0.074 0.004 0.022 0.470 
366 QBW_QBW39    (0)    2 :  0.104 0.026 0.067 0.238 0.074 0.004 0.018 0.468 
367 QBW_QBW40    (0)    2 :  0.098 0.023 0.070 0.250 0.077 0.004 0.019 0.460 
368 QBW_QBW41    (0)    2 :  0.102 0.021 0.070 0.249 0.077 0.004 0.025 0.452 
369 QBW_QBW42    (0)    2 :  0.110 0.028 0.073 0.261 0.079 0.004 0.016 0.429 
370 QBW_QBW43    (0)    2 :  0.087 0.023 0.075 0.265 0.081 0.004 0.034 0.430 
371 QBW_QBW44    (0)    2 :  0.095 0.024 0.073 0.258 0.079 0.004 0.023 0.445 
372 QBW_QBW45    (0)    2 :  0.097 0.027 0.073 0.259 0.079 0.004 0.026 0.435 
373 QBW_QBW46    (0)    2 :  0.097 0.025 0.067 0.242 0.074 0.004 0.015 0.474 
374 QBW_QBW47    (0)    2 :  0.102 0.028 0.076 0.268 0.081 0.004 0.020 0.422 
375 QBW_QBW48    (0)    2 :  0.096 0.024 0.066 0.237 0.073 0.004 0.016 0.484 
376 QBW_QBW49    (0)    2 :  0.112 0.022 0.069 0.244 0.075 0.003 0.026 0.450 
377 QBW_QBW50    (0)    2 :  0.117 0.028 0.068 0.247 0.076 0.003 0.018 0.443 
378 QBW_QBW51    (0)    2 :  0.152 0.030 0.065 0.233 0.071 0.003 0.020 0.425 
379 QBW_QBW52    (0)    2 :  0.093 0.024 0.069 0.246 0.076 0.004 0.015 0.472 
380 QBW_QBW53    (0)    2 :  0.116 0.028 0.072 0.257 0.078 0.004 0.017 0.428 
381 QBW_QBW54    (0)    2 :  0.105 0.024 0.062 0.225 0.070 0.004 0.018 0.492 
382 Ten_Ten1    (0)    2 :  0.088 0.023 0.072 0.257 0.078 0.004 0.022 0.457 
383 Ten_Ten2    (0)    2 :  0.097 0.021 0.064 0.236 0.073 0.003 0.017 0.489 
384 Ten_Ten3    (0)    2 :  0.098 0.024 0.073 0.256 0.079 0.004 0.022 0.446 
385 Ten_Ten4    (0)    2 :  0.111 0.029 0.072 0.257 0.078 0.004 0.016 0.434 
386 Ten_Ten5    (0)    2 :  0.093 0.026 0.064 0.230 0.071 0.004 0.016 0.497 
387 Ten_Ten6    (0)    2 :  0.090 0.022 0.063 0.228 0.071 0.003 0.016 0.507 
388 Ten_Ten7    (0)    2 :  0.141 0.024 0.072 0.255 0.077 0.004 0.028 0.398 
389 Ten_Ten8    (0)    2 :  0.104 0.026 0.068 0.245 0.076 0.006 0.017 0.457 
390 Ten_Ten9    (0)    2 :  0.110 0.025 0.065 0.232 0.072 0.004 0.019 0.472 
391 Ten_Ten10    (0)    2 :  0.117 0.025 0.066 0.236 0.073 0.004 0.019 0.460 
392 Ten_Ten11    (0)    2 :  0.095 0.025 0.070 0.249 0.076 0.005 0.025 0.455 
393 Ten_Ten12    (0)    2 :  0.106 0.024 0.070 0.247 0.076 0.003 0.020 0.453 
394 Ten_Ten13    (0)    2 :  0.100 0.027 0.068 0.241 0.074 0.004 0.025 0.460 
395 Ten_Ten14    (0)    2 :  0.116 0.025 0.067 0.243 0.074 0.004 0.017 0.454 
396 Ten_Ten15    (0)    2 :  0.123 0.025 0.064 0.228 0.070 0.004 0.018 0.468 
397 Ten_Ten16    (0)    2 :  0.091 0.021 0.067 0.239 0.074 0.004 0.018 0.486 
398 Ten_Ten17    (0)    2 :  0.116 0.031 0.070 0.251 0.076 0.004 0.016 0.434 
399 Ten_Ten18    (0)    2 :  0.105 0.022 0.067 0.243 0.075 0.004 0.024 0.461 
400 Ten_Ten19    (0)    2 :  0.107 0.028 0.070 0.250 0.076 0.003 0.019 0.448 
401 Ten_Ten20    (0)    2 :  0.106 0.024 0.065 0.236 0.073 0.003 0.018 0.473 
402 Ten_Ten21    (0)    2 :  0.119 0.025 0.071 0.253 0.077 0.004 0.017 0.434 
403 Ten_Ten22    (0)    2 :  0.095 0.028 0.066 0.240 0.074 0.004 0.016 0.477 
404 Ten_Ten23    (0)    2 :  0.126 0.028 0.067 0.242 0.074 0.003 0.018 0.442 
405 Ten_Ten24    (0)    2 :  0.114 0.023 0.066 0.240 0.074 0.003 0.019 0.462 
406 Ten_Ten25    (0)    2 :  0.099 0.023 0.069 0.244 0.075 0.004 0.023 0.463 
407 Ten_Ten26    (0)    2 :  0.120 0.028 0.067 0.242 0.074 0.003 0.018 0.448 
408 Ten_Ten27    (0)    2 :  0.108 0.029 0.068 0.244 0.075 0.004 0.017 0.454 
409 Ten_Ten28    (0)    2 :  0.123 0.023 0.071 0.250 0.076 0.004 0.021 0.432 
410 Ten_Ten29    (0)    2 :  0.092 0.021 0.067 0.239 0.074 0.004 0.015 0.487 
411 Ten_Ten30    (0)    2 :  0.091 0.023 0.066 0.237 0.074 0.004 0.017 0.489 
412 Ten_Ten31    (0)    2 :  0.117 0.029 0.072 0.254 0.078 0.003 0.020 0.427 
413 Ten_Ten32    (0)    2 :  0.103 0.025 0.067 0.237 0.074 0.004 0.017 0.474 
414 Ten_Ten33    (0)    2 :  0.119 0.027 0.074 0.261 0.079 0.004 0.020 0.417 
415 Ten_Ten34    (0)    2 :  0.087 0.024 0.076 0.271 0.082 0.004 0.016 0.440 
416 Ten_Ten35    (0)    2 :  0.095 0.030 0.073 0.258 0.079 0.004 0.015 0.446 
417 Ten_Ten36    (0)    2 :  0.112 0.025 0.074 0.262 0.079 0.003 0.024 0.420 
418 Ten_Ten37    (0)    2 :  0.084 0.023 0.071 0.251 0.077 0.004 0.015 0.475 
419 Ten_Ten38    (0)    2 :  0.093 0.022 0.070 0.248 0.077 0.004 0.019 0.468 
420 Ten_Ten39    (0)    2 :  0.098 0.023 0.067 0.239 0.074 0.003 0.026 0.469 
421 Ten_Ten40    (0)    2 :  0.103 0.023 0.064 0.231 0.072 0.004 0.016 0.488 
422 Ten_Ten41    (0)    2 :  0.102 0.024 0.067 0.240 0.074 0.003 0.016 0.475 
423 Ten_Ten42    (0)    2 :  0.108 0.026 0.069 0.246 0.076 0.004 0.034 0.437 
424 Ten_Ten43    (0)    2 :  0.089 0.024 0.070 0.253 0.078 0.004 0.017 0.464 
425 Ten_Ten44    (0)    2 :  0.095 0.023 0.069 0.246 0.076 0.004 0.027 0.461 
426 Ten_Ten45    (0)    2 :  0.094 0.021 0.063 0.230 0.072 0.004 0.015 0.501 
427 Ten_Ten46    (0)    2 :  0.113 0.028 0.068 0.244 0.075 0.004 0.017 0.451 
428 Ten_Ten47    (0)    2 :  0.113 0.032 0.072 0.257 0.078 0.003 0.015 0.429 
429 Ten_Ten48    (0)    2 :  0.099 0.023 0.066 0.237 0.074 0.003 0.023 0.475 
430 Ten_Ten49    (0)    2 :  0.087 0.022 0.070 0.252 0.078 0.004 0.018 0.470 
431 Ten_Ten50    (0)    2 :  0.109 0.028 0.066 0.238 0.074 0.004 0.017 0.464 
432 Ten_Ten51    (0)    2 :  0.089 0.022 0.063 0.230 0.072 0.004 0.015 0.505 
433 Ten_Ten52    (0)    2 :  0.123 0.029 0.066 0.239 0.073 0.003 0.024 0.442 
434 Tote_Tote1    (0)    2 :  0.094 0.025 0.070 0.251 0.077 0.003 0.018 0.461 
435 Tote_Tote2    (0)    2 :  0.130 0.034 0.066 0.238 0.073 0.004 0.021 0.435 
436 Tote_Tote3    (0)    2 :  0.106 0.025 0.068 0.242 0.074 0.005 0.018 0.463 
437 Tote_Tote4    (0)    2 :  0.095 0.023 0.072 0.254 0.078 0.004 0.022 0.453 
438 Tote_Tote5    (0)    2 :  0.103 0.023 0.067 0.241 0.075 0.003 0.022 0.465 
439 Tote_Tote6    (0)    2 :  0.110 0.030 0.070 0.251 0.076 0.004 0.019 0.440 
440 Tote_Tote7    (0)    2 :  0.114 0.024 0.072 0.254 0.078 0.004 0.024 0.430 
441 Tote_Tote8    (0)    2 :  0.085 0.021 0.074 0.260 0.080 0.005 0.017 0.458 
442 Tote_Tote1_    (0)    2 :  0.114 0.027 0.068 0.240 0.074 0.004 0.018 0.456 
443 Tote_Tote1_    (0)    2 :  0.091 0.024 0.071 0.252 0.077 0.003 0.016 0.465 
444 Tote_Tote1_    (0)    2 :  0.120 0.025 0.072 0.255 0.077 0.004 0.017 0.430 
445 Tote_Tote1_    (0)    2 :  0.112 0.028 0.071 0.252 0.077 0.004 0.022 0.434 
446 Tote_Tote1_    (0)    2 :  0.110 0.031 0.069 0.245 0.075 0.003 0.021 0.445 
447 Tote_Tote1_    (0)    2 :  0.112 0.025 0.069 0.247 0.076 0.004 0.024 0.442 
448 Tote_Tote1_    (0)    2 :  0.124 0.034 0.073 0.258 0.078 0.004 0.027 0.402 
449 Tote_Tote1_    (0)    2 :  0.146 0.028 0.069 0.249 0.075 0.004 0.019 0.410 
450 Tote_Tote1_    (0)    2 :  0.093 0.024 0.070 0.250 0.076 0.003 0.024 0.458 
451 Tote_Tote2_    (0)    2 :  0.108 0.026 0.070 0.249 0.076 0.004 0.019 0.449 
452 Tote_Tote2_    (0)    2 :  0.100 0.026 0.069 0.247 0.076 0.003 0.019 0.460 
453 Tote_Tote2_    (0)    2 :  0.114 0.029 0.069 0.249 0.076 0.004 0.017 0.441 
454 Tote_Tote2_    (0)    2 :  0.098 0.025 0.072 0.256 0.078 0.004 0.017 0.450 
455 Tote_Tote2_    (0)    2 :  0.106 0.024 0.068 0.243 0.075 0.005 0.024 0.455 
456 Tote_Tote2_    (0)    2 :  0.092 0.027 0.066 0.237 0.073 0.004 0.015 0.487 
457 Tote_Tote2_    (0)    2 :  0.099 0.022 0.069 0.250 0.077 0.004 0.016 0.463 
458 Tote_Tote2_    (0)    2 :  0.099 0.024 0.063 0.229 0.071 0.003 0.016 0.494 
459 Tote_Tote2_    (0)    2 :  0.108 0.023 0.068 0.247 0.075 0.003 0.016 0.460 
460 Tote_Tote2_    (0)    2 :  0.095 0.022 0.065 0.233 0.073 0.004 0.017 0.490 
461 Tote_Tote3_    (0)    2 :  0.129 0.034 0.069 0.248 0.075 0.003 0.024 0.418 
462 Tote_Tote3_    (0)    2 :  0.085 0.022 0.075 0.264 0.082 0.003 0.018 0.451 
463 Tote_Tote3_    (0)    2 :  0.099 0.029 0.070 0.248 0.076 0.004 0.019 0.454 
464 Tote_Tote3_    (0)    2 :  0.101 0.027 0.071 0.250 0.076 0.004 0.020 0.451 
465 Tote_Tote3_    (0)    2 :  0.111 0.024 0.069 0.244 0.075 0.005 0.016 0.456 
