

----------------------------------------------------
STRUCTURE by Pritchard, Stephens and Donnelly (2000)
     and Falush, Stephens and Pritchard (2003)
       Code by Pritchard, Falush and Hubisz
             Version 2.3.4 (Jul 2012)
----------------------------------------------------



Command line arguments:   /opt/anaconda3/bin/structure -K 3 -i /data/home/edc5240/Daruanus/Daruanus_All_8locus_stru.txt -o /data/home/edc5240/Daruanus/output/str_K3_rep2 -D 698914 -m /data/home/edc5240/Daruanus/mainparams -e /data/home/edc5240/Daruanus/extraparams 
Input File:    /data/home/edc5240/Daruanus/Daruanus_All_8locus_stru.txt

Run parameters:
   1358 individuals
   8 loci
   3 populations assumed
   250000 Burn-in period
   1000000 Reps
LOCPRIOR model used
RANDOMIZE turned off


--------------------------------------------
Proportion of membership of each pre-defined
 population in each of the 3 clusters

Given    Inferred Clusters       Number of
 Pop       1      2      3      Individuals

  1:     0.009  0.020  0.970       72
  2:     0.024  0.154  0.821      414
  3:     0.125  0.801  0.075      358
  4:     0.887  0.096  0.018      441
  5:     0.911  0.076  0.012       73
--------------------------------------------

Allele-freq. divergence among pops (Net nucleotide distance),
computed using point estimates of P.

      1       2       3      
 1      -    0.0384  0.0420  
 2   0.0384     -    0.0359  
 3   0.0420  0.0359     -    

Average distances (expected heterozygosity) between individuals in same cluster:
cluster  1  : 0.8343 
cluster  2  : 0.8198 
cluster  3  : 0.9076 

--------------------------------------------
Estimated Ln Prob of Data   = -55661.0
Mean value of ln likelihood = -55072.4
Variance of ln likelihood   = 1177.1
Mean value of alpha         = 6.9416

Mean value of alpha_local for each location:
	location  1:  0.1335  0.2832  12.8311
	location  2:  1.0537  6.9331  36.6248
	location  3:  3.7138  22.5584  2.1176
	location  4:  13.4173  1.4733  0.2624
	location  5:  10.2970  0.8853  0.1567

Mean value of Fst_1         = 0.0685
Mean value of Fst_2         = 0.0461
Mean value of Fst_3         = 0.0060

Mean value of r = 0.0724

Inferred ancestry of individuals:
        Label (%Miss) Pop:  Inferred clusters
  1 Lion_Lion1    (0)    1 :  0.009 0.018 0.973 
  2 Lion_Lion2    (0)    1 :  0.012 0.029 0.959 
  3 Lion_Lion3    (0)    1 :  0.012 0.024 0.964 
  4 Lion_Lion4    (0)    1 :  0.013 0.020 0.967 
  5 Lion_Lion5    (0)    1 :  0.008 0.017 0.975 
  6 Lion_Lion6    (0)    1 :  0.006 0.017 0.977 
  7 Lion_Lion7    (0)    1 :  0.008 0.018 0.973 
  8 Lion_Lion8    (0)    1 :  0.009 0.019 0.971 
  9 Lion_Lion9    (0)    1 :  0.024 0.030 0.947 
 10 Lion_Lion10    (0)    1 :  0.006 0.012 0.982 
 11 Lion_Lion11    (0)    1 :  0.008 0.024 0.968 
 12 Lion_Lion13    (0)    1 :  0.011 0.019 0.970 
 13 Lion_Lion14    (0)    1 :  0.012 0.018 0.970 
 14 Lion_Lion15    (0)    1 :  0.007 0.016 0.977 
 15 Lion_Lion16    (0)    1 :  0.006 0.014 0.980 
 16 Lion_Lion17    (0)    1 :  0.009 0.017 0.974 
 17 Lion_Lion18    (0)    1 :  0.006 0.015 0.979 
 18 Lion_Lion19    (0)    1 :  0.012 0.033 0.955 
 19 Lion_Lion20    (0)    1 :  0.011 0.024 0.965 
 20 Lion_Lion21    (0)    1 :  0.007 0.014 0.979 
 21 Lion_Lion22    (0)    1 :  0.007 0.015 0.979 
 22 Lion_Lion23    (0)    1 :  0.007 0.015 0.979 
 23 Lion_Lion24    (0)    1 :  0.008 0.030 0.962 
 24 Lion_Lion25    (0)    1 :  0.011 0.024 0.966 
 25 Lion_Lion26    (0)    1 :  0.008 0.016 0.976 
 26 Lion_Lion27    (0)    1 :  0.007 0.020 0.973 
 27 Lion_Lion28    (0)    1 :  0.010 0.016 0.973 
 28 Lion_Lion29    (0)    1 :  0.006 0.013 0.982 
 29 Lion_Lion30    (0)    1 :  0.011 0.022 0.967 
 30 Lion_Lion31    (0)    1 :  0.007 0.017 0.976 
 31 Lion_Lion32    (0)    1 :  0.005 0.011 0.984 
 32 Lion_Lion33    (0)    1 :  0.008 0.015 0.977 
 33 Lion_Lion34    (0)    1 :  0.010 0.013 0.976 
 34 Lion_Lion36    (0)    1 :  0.007 0.017 0.976 
 35 Lion_Lion38    (0)    1 :  0.005 0.019 0.975 
 36 Lion_Lion39    (0)    1 :  0.007 0.014 0.979 
 37 Lion_Lion40    (0)    1 :  0.008 0.033 0.959 
 38 Lion_Lion41    (0)    1 :  0.007 0.027 0.965 
 39 Lion_Lion42    (0)    1 :  0.007 0.019 0.975 
 40 Lion_Lion43    (0)    1 :  0.009 0.018 0.973 
 41 Lion_Lion44    (0)    1 :  0.007 0.027 0.966 
 42 Lion_Lion45    (0)    1 :  0.017 0.020 0.963 
 43 Lion_Lion46    (0)    1 :  0.018 0.028 0.953 
 44 Lion_Lion47    (0)    1 :  0.011 0.025 0.964 
 45 Lion_Lion48    (0)    1 :  0.007 0.019 0.974 
 46 Lion_Lion49    (0)    1 :  0.008 0.021 0.971 
 47 Lion_Lion50    (0)    1 :  0.008 0.020 0.972 
 48 Lion_Lion51    (0)    1 :  0.006 0.016 0.978 
 49 Lion_Lion52    (0)    1 :  0.009 0.024 0.967 
 50 Lolo_Lolo1    (0)    1 :  0.010 0.027 0.963 
 51 Lolo_Lolo2    (0)    1 :  0.013 0.020 0.967 
 52 Lolo_Lolo3    (0)    1 :  0.009 0.021 0.970 
 53 Lolo_Lolo4    (0)    1 :  0.010 0.017 0.973 
 54 Lolo_Lolo5    (0)    1 :  0.011 0.030 0.959 
 55 Lolo_Lolo6    (0)    1 :  0.019 0.018 0.963 
 56 Lolo_Lolo7    (0)    1 :  0.007 0.017 0.976 
 57 Lolo_Lolo8    (0)    1 :  0.015 0.021 0.964 
 58 Lolo_Lolo9    (0)    1 :  0.011 0.021 0.968 
 59 Manu_Manu1    (0)    1 :  0.007 0.019 0.974 
 60 Manu_Manu2    (0)    1 :  0.010 0.021 0.969 
 61 Manu_Manu3    (0)    1 :  0.007 0.016 0.978 
 62 Manu_Manu4    (0)    1 :  0.011 0.032 0.958 
 63 Manu_Manu5    (0)    1 :  0.022 0.017 0.961 
 64 Manu_Manu6    (0)    1 :  0.007 0.016 0.978 
 65 Manu_Manu7    (0)    1 :  0.008 0.015 0.978 
 66 Manu_Manu8    (0)    1 :  0.007 0.019 0.974 
 67 Manu_Manu9    (0)    1 :  0.013 0.036 0.951 
 68 Manu_Manu10    (0)    1 :  0.011 0.016 0.973 
 69 Manu_Manu11    (0)    1 :  0.008 0.016 0.975 
 70 Manu_Manu13    (0)    1 :  0.010 0.041 0.949 
 71 Manu_Manu14    (0)    1 :  0.006 0.013 0.981 
 72 Manu_Manu15    (0)    1 :  0.007 0.015 0.978 
 73   Go_Go1    (0)    2 :  0.024 0.158 0.818 
 74   Go_Go2    (0)    2 :  0.027 0.164 0.809 
 75   Go_Go3    (0)    2 :  0.023 0.154 0.822 
 76   Go_Go4    (0)    2 :  0.022 0.151 0.828 
 77   Go_Go5    (0)    2 :  0.025 0.155 0.820 
 78   Go_Go6    (0)    2 :  0.021 0.147 0.832 
 79   Go_Go7    (0)    2 :  0.023 0.162 0.815 
 80   Go_Go8    (0)    2 :  0.020 0.154 0.826 
 81   Go_Go9    (0)    2 :  0.031 0.142 0.827 
 82  Go_Go10    (0)    2 :  0.023 0.153 0.824 
 83  Go_Go11    (0)    2 :  0.022 0.156 0.822 
 84  Go_Go12    (0)    2 :  0.025 0.155 0.820 
 85  Go_Go13    (0)    2 :  0.024 0.143 0.832 
 86  Go_Go14    (0)    2 :  0.026 0.156 0.817 
 87  Go_Go15    (0)    2 :  0.023 0.157 0.820 
 88  Go_Go16    (0)    2 :  0.023 0.151 0.827 
 89  Go_Go17    (0)    2 :  0.024 0.155 0.821 
 90  Go_Go18    (0)    2 :  0.025 0.161 0.814 
 91  Go_Go19    (0)    2 :  0.029 0.167 0.805 
 92  Go_Go20    (0)    2 :  0.021 0.155 0.824 
 93  Go_Go21    (0)    2 :  0.023 0.151 0.825 
 94  Go_Go22    (0)    2 :  0.023 0.150 0.827 
 95  Go_Go23    (0)    2 :  0.025 0.167 0.808 
 96  Go_Go24    (0)    2 :  0.025 0.151 0.825 
 97  Go_Go25    (0)    2 :  0.023 0.168 0.808 
 98  Go_Go27    (0)    2 :  0.034 0.157 0.809 
 99  Go_Go28    (0)    2 :  0.032 0.155 0.813 
100  Go_Go29    (0)    2 :  0.030 0.183 0.787 
101  Go_Go30    (0)    2 :  0.023 0.135 0.843 
102  Go_Go31    (0)    2 :  0.023 0.170 0.807 
103  Go_Go32    (0)    2 :  0.028 0.164 0.808 
104  Go_Go33    (0)    2 :  0.023 0.141 0.835 
105  Go_Go34    (0)    2 :  0.024 0.164 0.812 
106  Go_Go35    (0)    2 :  0.025 0.163 0.812 
107  Go_Go36    (0)    2 :  0.021 0.166 0.813 
108  Go_Go37    (0)    2 :  0.023 0.152 0.825 
109  Go_Go38    (0)    2 :  0.020 0.141 0.839 
110  Go_Go39    (0)    2 :  0.025 0.176 0.799 
111  Go_Go40    (0)    2 :  0.023 0.161 0.817 
112  Go_Go41    (0)    2 :  0.022 0.162 0.816 
113  Go_Go42    (0)    2 :  0.029 0.189 0.782 
114  Go_Go43    (0)    2 :  0.026 0.176 0.798 
115  Go_Go44    (0)    2 :  0.028 0.151 0.821 
116  Go_Go45    (0)    2 :  0.022 0.151 0.827 
117  Go_Go46    (0)    2 :  0.024 0.158 0.819 
118  Go_Go47    (0)    2 :  0.027 0.152 0.821 
119  Go_Go48    (0)    2 :  0.021 0.146 0.833 
120  Go_Go49    (0)    2 :  0.025 0.150 0.825 
121  Go_Go50    (0)    2 :  0.023 0.151 0.826 
122  Go_Go51    (0)    2 :  0.023 0.128 0.849 
123  Go_Go52    (0)    2 :  0.023 0.148 0.829 
124  Go_Go53    (0)    2 :  0.023 0.147 0.830 
125  Go_Go54    (0)    2 :  0.024 0.143 0.833 
126  Go_Go55    (0)    2 :  0.021 0.138 0.841 
127  Go_Go56    (0)    2 :  0.026 0.154 0.820 
128 Hie_Hie2    (0)    2 :  0.025 0.141 0.834 
129 Hie_Hie3    (0)    2 :  0.028 0.158 0.814 
130 Hie_Hie4    (0)    2 :  0.024 0.170 0.805 
131 Hie_Hie5    (0)    2 :  0.022 0.152 0.826 
132 Hie_Hie6    (0)    2 :  0.025 0.155 0.820 
133 Hie_Hie7    (0)    2 :  0.028 0.159 0.814 
134 Hie_Hie8    (0)    2 :  0.025 0.159 0.816 
135 Hie_Hie9    (0)    2 :  0.024 0.151 0.825 
136 Hie_Hie11    (0)    2 :  0.026 0.178 0.796 
137 Hie_Hie12    (0)    2 :  0.023 0.147 0.830 
138 Hie_Hie13    (0)    2 :  0.022 0.153 0.825 
139 Hie_Hie14    (0)    2 :  0.021 0.141 0.838 
140 Hie_Hie15    (0)    2 :  0.026 0.155 0.819 
141 Hie_Hie16    (0)    2 :  0.021 0.138 0.841 
142 Hie_Hie17    (0)    2 :  0.030 0.187 0.783 
143 Hie_Hie18    (0)    2 :  0.022 0.150 0.828 
144 Hie_Hie19    (0)    2 :  0.025 0.170 0.805 
145 Hie_Hie20    (0)    2 :  0.029 0.156 0.815 
146 Hie_Hie21    (0)    2 :  0.023 0.161 0.816 
147 Hie_Hie22    (0)    2 :  0.024 0.154 0.822 
148 Hie_Hie23    (0)    2 :  0.021 0.141 0.838 
149 Hie_Hie24    (0)    2 :  0.023 0.148 0.829 
150 Hie_Hie25    (0)    2 :  0.024 0.163 0.813 
151 Hie_Hie26    (0)    2 :  0.021 0.140 0.839 
152 Hie_Hie27    (0)    2 :  0.023 0.156 0.821 
153 Hie_Hie28    (0)    2 :  0.029 0.154 0.817 
154 Hie_Hie29    (0)    2 :  0.033 0.156 0.810 
155 Hie_Hie30    (0)    2 :  0.024 0.146 0.830 
156 Hie_Hie31    (0)    2 :  0.025 0.147 0.827 
157 Hie_Hie32    (0)    2 :  0.024 0.143 0.833 
158 Hie_Hie33    (0)    2 :  0.025 0.158 0.818 
159 Hie_Hie34    (0)    2 :  0.024 0.157 0.818 
160 Hie_Hie35    (0)    2 :  0.022 0.159 0.819 
161 Hie_Hie36    (0)    2 :  0.023 0.153 0.825 
162 Hie_Hie37    (0)    2 :  0.025 0.155 0.820 
163 Hie_Hie38    (0)    2 :  0.028 0.145 0.827 
164 Hie_Hie39    (0)    2 :  0.023 0.158 0.819 
165 Hie_Hie40    (0)    2 :  0.023 0.149 0.828 
166 Hie_Hie41    (0)    2 :  0.024 0.145 0.831 
167 Hie_Hie42    (0)    2 :  0.034 0.183 0.783 
168 Hie_Hie43    (0)    2 :  0.035 0.158 0.807 
169 Hie_Hie44    (0)    2 :  0.020 0.152 0.828 
170 Hie_Hie45    (0)    2 :  0.025 0.178 0.797 
171 Hie_Hie46    (0)    2 :  0.025 0.153 0.822 
172 Hie_Hie47    (0)    2 :  0.021 0.144 0.834 
173 Hie_Hie48    (0)    2 :  0.023 0.156 0.820 
174 Hie_Hie49    (0)    2 :  0.021 0.144 0.835 
175 Lar_Lar1    (0)    2 :  0.021 0.142 0.837 
176 Lar_Lar2    (0)    2 :  0.025 0.142 0.834 
177 Lar_Lar3    (0)    2 :  0.031 0.163 0.806 
178 Lar_Lar4    (0)    2 :  0.025 0.157 0.817 
179 Lar_Lar5    (0)    2 :  0.023 0.151 0.826 
180 Lar_Lar6    (0)    2 :  0.023 0.143 0.833 
181 Lar_Lar7    (0)    2 :  0.028 0.176 0.796 
182 Lar_Lar8    (0)    2 :  0.023 0.163 0.813 
183 Lar_Lar10    (0)    2 :  0.026 0.157 0.817 
184 Lar_Lar11    (0)    2 :  0.028 0.150 0.822 
185 Lar_Lar12    (0)    2 :  0.026 0.168 0.805 
186 Lar_Lar14    (0)    2 :  0.022 0.154 0.824 
187 Lar_Lar15    (0)    2 :  0.025 0.150 0.826 
188 Lar_Lar16    (0)    2 :  0.024 0.148 0.828 
189 Lar_Lar17    (0)    2 :  0.023 0.180 0.798 
190 Lar_Lar18    (0)    2 :  0.024 0.158 0.819 
191 Lar_Lar19    (0)    2 :  0.024 0.149 0.826 
192 Lar_Lar20    (0)    2 :  0.033 0.167 0.800 
193 Lar_Lar21    (0)    2 :  0.020 0.136 0.843 
194 Lar_Lar22    (0)    2 :  0.023 0.157 0.819 
195 Lar_Lar23    (0)    2 :  0.022 0.142 0.835 
196 Lar_Lar24    (0)    2 :  0.024 0.158 0.818 
197 Lar_Lar25    (0)    2 :  0.028 0.152 0.819 
198 Lar_Lar26    (0)    2 :  0.026 0.153 0.821 
199 Lar_Lar27    (0)    2 :  0.024 0.158 0.819 
200 Lar_Lar28    (0)    2 :  0.027 0.143 0.830 
201 Lar_Lar29    (0)    2 :  0.023 0.144 0.834 
202 Lar_Lar30    (0)    2 :  0.024 0.157 0.819 
203 Lar_Lar31    (0)    2 :  0.024 0.151 0.825 
204 Lar_Lar32    (0)    2 :  0.024 0.170 0.806 
205 Lar_Lar33    (0)    2 :  0.029 0.157 0.814 
206 Lar_Lar34    (0)    2 :  0.022 0.170 0.808 
207 Lar_Lar35    (0)    2 :  0.022 0.149 0.830 
208 Lar_Lar36    (0)    2 :  0.037 0.155 0.808 
209 Lar_Lar37    (0)    2 :  0.022 0.148 0.830 
210 Lar_Lar38    (0)    2 :  0.022 0.144 0.834 
211 Lar_Lar39    (0)    2 :  0.027 0.159 0.814 
212 Lar_Lar40    (0)    2 :  0.023 0.157 0.820 
213 Lar_Lar41    (0)    2 :  0.021 0.136 0.843 
214 Lar_Lar42    (0)    2 :  0.025 0.144 0.830 
215 Lar_Lar43    (0)    2 :  0.034 0.180 0.786 
216 Lar_Lar44    (0)    2 :  0.028 0.159 0.813 
217 Lar_Lar45    (0)    2 :  0.023 0.154 0.823 
218 Lar_Lar46    (0)    2 :  0.021 0.136 0.843 
219 Lar_Lar47    (0)    2 :  0.025 0.147 0.829 
220 Lar_Lar48    (0)    2 :  0.022 0.163 0.815 
221 Lar_Lar49    (0)    2 :  0.031 0.158 0.812 
222 Lar_Lar50    (0)    2 :  0.022 0.141 0.838 
223 Lar_Lar51    (0)    2 :  0.024 0.162 0.814 
224 Lar_Lar52    (0)    2 :  0.023 0.146 0.831 
225 Lar_Lar53    (0)    2 :  0.021 0.130 0.849 
226 Mara_Mara1    (0)    2 :  0.024 0.144 0.833 
227 Mara_Mara2    (0)    2 :  0.022 0.148 0.830 
228 Mara_Mara3    (0)    2 :  0.021 0.155 0.824 
229 Mara_Mara4    (0)    2 :  0.027 0.146 0.827 
230 Mara_Mara5    (0)    2 :  0.022 0.142 0.836 
231 Mara_Mara6    (0)    2 :  0.025 0.145 0.830 
232 Mara_Mara7    (0)    2 :  0.024 0.144 0.831 
233 Mara_Mara8    (0)    2 :  0.023 0.161 0.817 
234 Mara_Mara9    (0)    2 :  0.020 0.144 0.836 
235 Mara_Mara1_    (0)    2 :  0.032 0.170 0.798 
236 Mara_Mara1_    (0)    2 :  0.029 0.159 0.812 
237 Mara_Mara1_    (0)    2 :  0.025 0.155 0.820 
238 Mara_Mara1_    (0)    2 :  0.026 0.142 0.832 
239 Mara_Mara1_    (0)    2 :  0.038 0.149 0.812 
240 Mara_Mara1_    (0)    2 :  0.025 0.159 0.816 
241 Mara_Mara1_    (0)    2 :  0.024 0.163 0.813 
242 Mara_Mara1_    (0)    2 :  0.023 0.158 0.819 
243 Mara_Mara1_    (0)    2 :  0.025 0.150 0.825 
244 Mara_Mara1_    (0)    2 :  0.023 0.151 0.826 
245 Mara_Mara2_    (0)    2 :  0.024 0.161 0.815 
246 Mara_Mara2_    (0)    2 :  0.030 0.161 0.809 
247 Mara_Mara2_    (0)    2 :  0.021 0.143 0.836 
248 Mara_Mara2_    (0)    2 :  0.023 0.146 0.831 
249 Mara_Mara2_    (0)    2 :  0.024 0.146 0.830 
250 Mara_Mara2_    (0)    2 :  0.023 0.167 0.809 
251 Mara_Mara2_    (0)    2 :  0.021 0.145 0.833 
252 Mara_Mara2_    (0)    2 :  0.023 0.154 0.822 
253 Mara_Mara2_    (0)    2 :  0.031 0.146 0.822 
254 Mara_Mara2_    (0)    2 :  0.030 0.164 0.806 
255 Mara_Mara3_    (0)    2 :  0.040 0.157 0.803 
256 Mara_Mara3_    (0)    2 :  0.027 0.170 0.803 
257 Mara_Mara3_    (0)    2 :  0.023 0.149 0.828 
258 Mara_Mara3_    (0)    2 :  0.025 0.155 0.820 
259 Mara_Mara3_    (0)    2 :  0.030 0.154 0.816 
260 Mara_Mara3_    (0)    2 :  0.027 0.157 0.816 
261 Mara_Mara3_    (0)    2 :  0.027 0.152 0.821 
262 Mara_Mara3_    (0)    2 :  0.023 0.160 0.817 
263 Mara_Mara3_    (0)    2 :  0.021 0.144 0.835 
264 Mara_Mara3_    (0)    2 :  0.023 0.161 0.816 
265 Mara_Mara4_    (0)    2 :  0.026 0.182 0.792 
266 Mara_Mara4_    (0)    2 :  0.022 0.142 0.836 
267 Mara_Mara4_    (0)    2 :  0.023 0.157 0.820 
268 Mara_Mara4_    (0)    2 :  0.024 0.145 0.830 
269 Mara_Mara4_    (0)    2 :  0.022 0.149 0.829 
270 Mara_Mara4_    (0)    2 :  0.022 0.151 0.827 
271 Mara_Mara4_    (0)    2 :  0.023 0.166 0.811 
272 Mara_Mara4_    (0)    2 :  0.022 0.158 0.820 
273 Mara_Mara4_    (0)    2 :  0.028 0.134 0.837 
274 Mara_Mara4_    (0)    2 :  0.022 0.149 0.828 
275 Mara_Mara5_    (0)    2 :  0.024 0.149 0.827 
276 Mara_Mara5_    (0)    2 :  0.025 0.143 0.832 
277 Mara_Mara5_    (0)    2 :  0.031 0.167 0.802 
278 MBO_MBO1    (0)    2 :  0.022 0.172 0.806 
279 MBO_MBO2    (0)    2 :  0.027 0.170 0.802 
280 MBO_MBO3    (0)    2 :  0.020 0.149 0.831 
281 MBO_MBO4    (0)    2 :  0.024 0.160 0.816 
282 MBO_MBO6    (0)    2 :  0.023 0.164 0.813 
283 MBO_MBO7    (0)    2 :  0.024 0.135 0.841 
284 MBO_MBO8    (0)    2 :  0.024 0.178 0.798 
285 MBO_MBO9    (0)    2 :  0.026 0.178 0.796 
286 MBO_MBO10    (0)    2 :  0.023 0.154 0.823 
287 MBO_MBO11    (0)    2 :  0.024 0.145 0.830 
288 MBO_MBO12    (0)    2 :  0.023 0.138 0.840 
289 MBO_MBO13    (0)    2 :  0.021 0.148 0.831 
290 MBO_MBO14    (0)    2 :  0.024 0.146 0.830 
291 MBO_MBO15    (0)    2 :  0.024 0.164 0.812 
292 MBO_MBO16    (0)    2 :  0.021 0.154 0.826 
293 MBO_MBO17    (0)    2 :  0.024 0.151 0.825 
294 MBO_MBO18    (0)    2 :  0.025 0.168 0.807 
295 MBO_MBO19    (0)    2 :  0.023 0.162 0.815 
296 MBO_MBO20    (0)    2 :  0.030 0.147 0.823 
297 MBO_MBO21    (0)    2 :  0.023 0.146 0.831 
298 MBO_MBO22    (0)    2 :  0.023 0.145 0.831 
299 MBO_MBO23    (0)    2 :  0.026 0.149 0.825 
300 MBO_MBO24    (0)    2 :  0.024 0.142 0.834 
301 MBO_MBO25    (0)    2 :  0.022 0.146 0.832 
302 MBO_MBO26    (0)    2 :  0.023 0.150 0.827 
303 MBO_MBO27    (0)    2 :  0.024 0.153 0.822 
304 MBO_MBO28    (0)    2 :  0.028 0.153 0.820 
305 MBO_MBO29    (0)    2 :  0.028 0.152 0.820 
306 MBO_MBO30    (0)    2 :  0.023 0.142 0.835 
307 MBO_MBO31    (0)    2 :  0.023 0.165 0.811 
308 MBO_MBO32    (0)    2 :  0.023 0.145 0.832 
309 MBO_MBO33    (0)    2 :  0.024 0.161 0.814 
310 MBO_MBO34    (0)    2 :  0.024 0.148 0.828 
311 MBO_MBO35    (0)    2 :  0.020 0.145 0.834 
312 MBO_MBO36    (0)    2 :  0.028 0.146 0.827 
313 MBO_MBO37    (0)    2 :  0.025 0.163 0.813 
314 MBO_MBO38    (0)    2 :  0.023 0.167 0.810 
315 MBO_MBO39    (0)    2 :  0.021 0.142 0.837 
316 MBO_MBO40    (0)    2 :  0.024 0.153 0.823 
317 MBO_MBO41    (0)    2 :  0.021 0.176 0.802 
318 MBO_MBO42    (0)    2 :  0.023 0.155 0.822 
319 MBO_MBO43    (0)    2 :  0.020 0.138 0.843 
320 MBO_MBO44    (0)    2 :  0.023 0.155 0.822 
321 MBO_MBO45    (0)    2 :  0.024 0.167 0.810 
322 MBO_MBO46    (0)    2 :  0.023 0.157 0.820 
323 MBO_MBO47    (0)    2 :  0.023 0.155 0.822 
324 MBO_MBO48    (0)    2 :  0.022 0.149 0.829 
325 MBO_MBO49    (0)    2 :  0.024 0.155 0.821 
326 MBO_MBO50    (0)    2 :  0.022 0.145 0.833 
327 MBO_MBO51    (0)    2 :  0.023 0.138 0.839 
328 QBW_QBW1    (0)    2 :  0.022 0.156 0.822 
329 QBW_QBW2    (0)    2 :  0.021 0.142 0.837 
330 QBW_QBW3    (0)    2 :  0.023 0.153 0.824 
331 QBW_QBW4    (0)    2 :  0.029 0.184 0.787 
332 QBW_QBW5    (0)    2 :  0.026 0.144 0.831 
333 QBW_QBW6    (0)    2 :  0.024 0.141 0.835 
334 QBW_QBW7    (0)    2 :  0.023 0.167 0.811 
335 QBW_QBW8    (0)    2 :  0.025 0.157 0.817 
336 QBW_QBW9    (0)    2 :  0.034 0.151 0.815 
337 QBW_QBW10    (0)    2 :  0.025 0.153 0.822 
338 QBW_QBW11    (0)    2 :  0.022 0.157 0.821 
339 QBW_QBW12    (0)    2 :  0.023 0.166 0.811 
340 QBW_QBW13    (0)    2 :  0.024 0.153 0.823 
341 QBW_QBW14    (0)    2 :  0.022 0.146 0.832 
342 QBW_QBW15    (0)    2 :  0.025 0.157 0.817 
343 QBW_QBW16    (0)    2 :  0.025 0.162 0.812 
344 QBW_QBW17    (0)    2 :  0.025 0.167 0.808 
345 QBW_QBW18    (0)    2 :  0.021 0.153 0.826 
346 QBW_QBW19    (0)    2 :  0.022 0.138 0.840 
347 QBW_QBW20    (0)    2 :  0.022 0.144 0.835 
348 QBW_QBW21    (0)    2 :  0.022 0.159 0.819 
349 QBW_QBW22    (0)    2 :  0.024 0.153 0.823 
350 QBW_QBW23    (0)    2 :  0.021 0.147 0.832 
351 QBW_QBW24    (0)    2 :  0.023 0.140 0.837 
352 QBW_QBW25    (0)    2 :  0.027 0.149 0.825 
353 QBW_QBW26    (0)    2 :  0.025 0.156 0.819 
354 QBW_QBW27    (0)    2 :  0.022 0.145 0.833 
355 QBW_QBW28    (0)    2 :  0.022 0.156 0.822 
356 QBW_QBW29    (0)    2 :  0.022 0.161 0.817 
357 QBW_QBW30    (0)    2 :  0.023 0.150 0.827 
358 QBW_QBW31    (0)    2 :  0.023 0.162 0.815 
359 QBW_QBW32    (0)    2 :  0.025 0.162 0.813 
360 QBW_QBW33    (0)    2 :  0.025 0.167 0.808 
361 QBW_QBW34    (0)    2 :  0.021 0.153 0.825 
362 QBW_QBW35    (0)    2 :  0.022 0.138 0.840 
363 QBW_QBW36    (0)    2 :  0.022 0.143 0.835 
364 QBW_QBW37    (0)    2 :  0.026 0.143 0.832 
365 QBW_QBW38    (0)    2 :  0.026 0.151 0.823 
366 QBW_QBW39    (0)    2 :  0.023 0.153 0.824 
367 QBW_QBW40    (0)    2 :  0.024 0.147 0.829 
368 QBW_QBW41    (0)    2 :  0.030 0.148 0.822 
369 QBW_QBW42    (0)    2 :  0.021 0.162 0.817 
370 QBW_QBW43    (0)    2 :  0.035 0.138 0.828 
371 QBW_QBW44    (0)    2 :  0.028 0.147 0.825 
372 QBW_QBW45    (0)    2 :  0.030 0.152 0.818 
373 QBW_QBW46    (0)    2 :  0.021 0.150 0.830 
374 QBW_QBW47    (0)    2 :  0.025 0.158 0.818 
375 QBW_QBW48    (0)    2 :  0.021 0.146 0.833 
376 QBW_QBW49    (0)    2 :  0.031 0.155 0.814 
377 QBW_QBW50    (0)    2 :  0.024 0.168 0.808 
378 QBW_QBW51    (0)    2 :  0.025 0.192 0.783 
379 QBW_QBW52    (0)    2 :  0.020 0.144 0.836 
380 QBW_QBW53    (0)    2 :  0.022 0.165 0.813 
381 QBW_QBW54    (0)    2 :  0.024 0.153 0.823 
382 Ten_Ten1    (0)    2 :  0.026 0.139 0.835 
383 Ten_Ten2    (0)    2 :  0.022 0.144 0.834 
384 Ten_Ten3    (0)    2 :  0.026 0.147 0.827 
385 Ten_Ten4    (0)    2 :  0.022 0.163 0.816 
386 Ten_Ten5    (0)    2 :  0.021 0.145 0.834 
387 Ten_Ten6    (0)    2 :  0.022 0.138 0.840 
388 Ten_Ten7    (0)    2 :  0.032 0.180 0.789 
389 Ten_Ten8    (0)    2 :  0.022 0.154 0.823 
390 Ten_Ten9    (0)    2 :  0.025 0.158 0.818 
391 Ten_Ten10    (0)    2 :  0.024 0.162 0.814 
392 Ten_Ten11    (0)    2 :  0.028 0.144 0.828 
393 Ten_Ten12    (0)    2 :  0.026 0.156 0.819 
394 Ten_Ten13    (0)    2 :  0.029 0.152 0.819 
395 Ten_Ten14    (0)    2 :  0.023 0.163 0.814 
396 Ten_Ten15    (0)    2 :  0.024 0.166 0.810 
397 Ten_Ten16    (0)    2 :  0.023 0.140 0.837 
398 Ten_Ten17    (0)    2 :  0.022 0.170 0.809 
399 Ten_Ten18    (0)    2 :  0.028 0.151 0.822 
400 Ten_Ten19    (0)    2 :  0.024 0.162 0.814 
401 Ten_Ten20    (0)    2 :  0.024 0.155 0.821 
402 Ten_Ten21    (0)    2 :  0.022 0.165 0.812 
403 Ten_Ten22    (0)    2 :  0.021 0.149 0.830 
404 Ten_Ten23    (0)    2 :  0.024 0.173 0.804 
405 Ten_Ten24    (0)    2 :  0.024 0.157 0.818 
406 Ten_Ten25    (0)    2 :  0.027 0.147 0.826 
407 Ten_Ten26    (0)    2 :  0.023 0.170 0.807 
408 Ten_Ten27    (0)    2 :  0.022 0.160 0.818 
409 Ten_Ten28    (0)    2 :  0.026 0.166 0.808 
410 Ten_Ten29    (0)    2 :  0.021 0.142 0.837 
411 Ten_Ten30    (0)    2 :  0.022 0.142 0.836 
412 Ten_Ten31    (0)    2 :  0.025 0.169 0.806 
413 Ten_Ten32    (0)    2 :  0.022 0.152 0.826 
414 Ten_Ten33    (0)    2 :  0.025 0.167 0.807 
415 Ten_Ten34    (0)    2 :  0.021 0.138 0.841 
416 Ten_Ten35    (0)    2 :  0.020 0.152 0.828 
417 Ten_Ten36    (0)    2 :  0.029 0.163 0.808 
418 Ten_Ten37    (0)    2 :  0.021 0.135 0.844 
419 Ten_Ten38    (0)    2 :  0.024 0.141 0.835 
420 Ten_Ten39    (0)    2 :  0.030 0.147 0.822 
421 Ten_Ten40    (0)    2 :  0.022 0.150 0.829 
422 Ten_Ten41    (0)    2 :  0.021 0.151 0.828 
423 Ten_Ten42    (0)    2 :  0.034 0.158 0.808 
424 Ten_Ten43    (0)    2 :  0.022 0.142 0.836 
425 Ten_Ten44    (0)    2 :  0.031 0.144 0.826 
426 Ten_Ten45    (0)    2 :  0.021 0.141 0.838 
427 Ten_Ten46    (0)    2 :  0.022 0.163 0.815 
428 Ten_Ten47    (0)    2 :  0.021 0.168 0.811 
429 Ten_Ten48    (0)    2 :  0.027 0.148 0.825 
430 Ten_Ten49    (0)    2 :  0.023 0.137 0.841 
431 Ten_Ten50    (0)    2 :  0.022 0.157 0.821 
432 Ten_Ten51    (0)    2 :  0.020 0.139 0.841 
433 Ten_Ten52    (0)    2 :  0.029 0.172 0.799 
434 Tote_Tote1    (0)    2 :  0.023 0.145 0.832 
435 Tote_Tote2    (0)    2 :  0.026 0.180 0.794 
436 Tote_Tote3    (0)    2 :  0.022 0.153 0.824 
437 Tote_Tote4    (0)    2 :  0.027 0.144 0.829 
438 Tote_Tote5    (0)    2 :  0.027 0.151 0.822 
439 Tote_Tote6    (0)    2 :  0.024 0.163 0.813 
440 Tote_Tote7    (0)    2 :  0.028 0.165 0.807 
441 Tote_Tote8    (0)    2 :  0.023 0.136 0.842 
442 Tote_Tote1_    (0)    2 :  0.023 0.162 0.815 
443 Tote_Tote1_    (0)    2 :  0.022 0.143 0.835 
444 Tote_Tote1_    (0)    2 :  0.023 0.167 0.810 
445 Tote_Tote1_    (0)    2 :  0.027 0.161 0.813 
446 Tote_Tote1_    (0)    2 :  0.026 0.166 0.808 
447 Tote_Tote1_    (0)    2 :  0.028 0.159 0.813 
448 Tote_Tote1_    (0)    2 :  0.031 0.177 0.792 
449 Tote_Tote1_    (0)    2 :  0.024 0.187 0.788 
450 Tote_Tote1_    (0)    2 :  0.028 0.144 0.828 
451 Tote_Tote2_    (0)    2 :  0.024 0.157 0.819 
452 Tote_Tote2_    (0)    2 :  0.024 0.153 0.823 
453 Tote_Tote2_    (0)    2 :  0.022 0.164 0.814 
454 Tote_Tote2_    (0)    2 :  0.022 0.148 0.830 
455 Tote_Tote2_    (0)    2 :  0.028 0.153 0.819 
456 Tote_Tote2_    (0)    2 :  0.020 0.145 0.835 
457 Tote_Tote2_    (0)    2 :  0.022 0.148 0.830 
458 Tote_Tote2_    (0)    2 :  0.021 0.149 0.830 
459 Tote_Tote2_    (0)    2 :  0.022 0.155 0.824 
460 Tote_Tote2_    (0)    2 :  0.022 0.144 0.834 
461 Tote_Tote3_    (0)    2 :  0.029 0.184 0.787 
462 Tote_Tote3_    (0)    2 :  0.024 0.138 0.838 
463 Tote_Tote3_    (0)    2 :  0.024 0.153 0.823 
464 Tote_Tote3_    (0)    2 :  0.025 0.153 0.822 
465 Tote_Tote3_    (0)    2 :  0.022 0.158 0.820 
466 Tote_Tote3_    (0)    2 :  0.029 0.151 0.820 
467 Tote_Tote3_    (0)    2 :  0.032 0.153 0.815 
468 Tote_Tote3_    (0)    2 :  0.022 0.158 0.820 
469 Tote_Tote3_    (0)    2 :  0.023 0.159 0.818 
470 Tote_Tote3_    (0)    2 :  0.030 0.178 0.792 
471 Tote_Tote4_    (0)    2 :  0.024 0.158 0.818 
472 Tote_Tote4_    (0)    2 :  0.023 0.143 0.834 
473 Tote_Tote4_    (0)    2 :  0.021 0.141 0.838 
474 Tote_Tote4_    (0)    2 :  0.028 0.167 0.806 
475 Tote_Tote4_    (0)    2 :  0.026 0.163 0.811 
476 Tote_Tote4_    (0)    2 :  0.025 0.158 0.817 
477 Tote_Tote4_    (0)    2 :  0.025 0.166 0.810 
478 Tote_Tote4_    (0)    2 :  0.024 0.141 0.835 
479 Tote_Tote4_    (0)    2 :  0.027 0.139 0.834 
480 Tote_Tote4_    (0)    2 :  0.031 0.140 0.829 
481 Tote_Tote5_    (0)    2 :  0.023 0.161 0.816 
482 Tote_Tote5_    (0)    2 :  0.022 0.164 0.814 
483 Tote_Tote5_    (0)    2 :  0.022 0.161 0.817 
484 Tote_Tote5_    (0)    2 :  0.020 0.141 0.839 
485 Tote_Tote5_    (0)    2 :  0.024 0.156 0.820 
486 Tote_Tote5_    (0)    2 :  0.020 0.147 0.834 
487 Taga_Taga1    (0)    3 :  0.117 0.823 0.060 
488 Taga_Taga2    (0)    3 :  0.125 0.797 0.078 
489 Taga_Taga3    (0)    3 :  0.096 0.833 0.071 
490 Taga_Taga4    (0)    3 :  0.115 0.820 0.065 
491 Taga_Taga5    (0)    3 :  0.130 0.800 0.070 
492 Taga_Taga6    (0)    3 :  0.116 0.787 0.098 
493 Taga_Taga7    (0)    3 :  0.114 0.811 0.075 
494 Taga_Taga8    (0)    3 :  0.132 0.795 0.073 
495 Taga_Taga9    (0)    3 :  0.102 0.832 0.066 
496 Taga_Taga1_    (0)    3 :  0.122 0.774 0.104 
497 Taga_Taga1_    (0)    3 :  0.172 0.754 0.074 
498 Taga_Taga1_    (0)    3 :  0.124 0.798 0.078 
499 Taga_Taga1_    (0)    3 :  0.098 0.823 0.080 
500 Taga_Taga1_    (0)    3 :  0.116 0.813 0.071 
501 Taga_Taga1_    (0)    3 :  0.106 0.826 0.068 
502 Taga_Taga1_    (0)    3 :  0.153 0.783 0.064 
503 Taga_Taga1_    (0)    3 :  0.161 0.772 0.066 
504 Taga_Taga1_    (0)    3 :  0.134 0.797 0.069 
505 Taga_Taga1_    (0)    3 :  0.135 0.802 0.063 
506 Taga_Taga2_    (0)    3 :  0.126 0.810 0.064 
507 Taga_Taga2_    (0)    3 :  0.111 0.828 0.061 
508 Taga_Taga2_    (0)    3 :  0.129 0.777 0.094 
509 Taga_Taga2_    (0)    3 :  0.117 0.780 0.102 
510 Taga_Taga2_    (0)    3 :  0.111 0.815 0.074 
511 Taga_Taga2_    (0)    3 :  0.115 0.813 0.072 
512 Taga_Taga2_    (0)    3 :  0.113 0.822 0.065 
513 Taga_Taga2_    (0)    3 :  0.126 0.812 0.062 
514 Taga_Taga2_    (0)    3 :  0.098 0.827 0.075 
515 Taga_Taga2_    (0)    3 :  0.139 0.792 0.069 
516 Taga_Taga3_    (0)    3 :  0.134 0.788 0.078 
517 Taga_Taga3_    (0)    3 :  0.097 0.833 0.070 
518 Taga_Taga3_    (0)    3 :  0.107 0.827 0.066 
519 Taga_Taga3_    (0)    3 :  0.145 0.796 0.059 
520 Taga_Taga3_    (0)    3 :  0.097 0.784 0.119 
521 Taga_Taga3_    (0)    3 :  0.107 0.822 0.070 
522 Taga_Taga3_    (0)    3 :  0.122 0.816 0.062 
523 Taga_Taga3_    (0)    3 :  0.114 0.802 0.084 
524 Taga_Taga3_    (0)    3 :  0.128 0.794 0.078 
525 Taga_Taga3_    (0)    3 :  0.125 0.813 0.062 
526 Taga_Taga4_    (0)    3 :  0.121 0.812 0.067 
527 Taga_Taga4_    (0)    3 :  0.116 0.823 0.060 
528 Taga_Taga4_    (0)    3 :  0.116 0.828 0.055 
529 Taga_Taga4_    (0)    3 :  0.133 0.769 0.098 
530 Taga_Taga4_    (0)    3 :  0.109 0.812 0.079 
531 Taga_Taga4_    (0)    3 :  0.101 0.821 0.077 
532 Taga_Taga4_    (0)    3 :  0.119 0.772 0.110 
533 Taga_Taga4_    (0)    3 :  0.102 0.810 0.088 
534 Taga_Taga4_    (0)    3 :  0.134 0.770 0.096 
535 Taga_Taga4_    (0)    3 :  0.145 0.781 0.074 
536 Taga_Taga5_    (0)    3 :  0.114 0.825 0.061 
537 Taga_Taga5_    (0)    3 :  0.124 0.802 0.073 
538 Taga_Taga5_    (0)    3 :  0.124 0.815 0.061 
539 Mata_Mata1    (0)    3 :  0.135 0.798 0.067 
540 Mata_Mata2    (0)    3 :  0.110 0.830 0.060 
541 Mata_Mata3    (0)    3 :  0.133 0.808 0.059 
542 Mata_Mata4    (0)    3 :  0.146 0.787 0.067 
543 Mata_Mata5    (0)    3 :  0.124 0.798 0.078 
544 Mata_Mata6    (0)    3 :  0.110 0.825 0.065 
545 Mata_Mata7    (0)    3 :  0.126 0.790 0.084 
546 Mata_Mata8    (0)    3 :  0.134 0.791 0.074 
547 Mata_Mata9    (0)    3 :  0.156 0.763 0.081 
548 Mata_Mata1_    (0)    3 :  0.149 0.789 0.062 
549 Mata_Mata1_    (0)    3 :  0.118 0.803 0.080 
550 Mata_Mata1_    (0)    3 :  0.122 0.787 0.090 
551 Mata_Mata1_    (0)    3 :  0.122 0.771 0.107 
552 Mata_Mata1_    (0)    3 :  0.126 0.810 0.064 
553 Mata_Mata1_    (0)    3 :  0.180 0.728 0.092 
554 Mata_Mata1_    (0)    3 :  0.139 0.791 0.069 
555 Mata_Mata1_    (0)    3 :  0.136 0.802 0.062 
556 Mata_Mata1_    (0)    3 :  0.135 0.788 0.077 
557 Mata_Mata1_    (0)    3 :  0.113 0.815 0.072 
558 Mata_Mata2_    (0)    3 :  0.123 0.763 0.114 
559 Mata_Mata2_    (0)    3 :  0.102 0.807 0.092 
560 Mata_Mata2_    (0)    3 :  0.130 0.795 0.075 
561 Mata_Mata2_    (0)    3 :  0.151 0.754 0.095 
562 Mata_Mata2_    (0)    3 :  0.101 0.791 0.109 
563 Mata_Mata2_    (0)    3 :  0.094 0.813 0.093 
564 Mata_Mata2_    (0)    3 :  0.101 0.819 0.080 
565 Mata_Mata2_    (0)    3 :  0.112 0.825 0.062 
566 Mata_Mata2_    (0)    3 :  0.141 0.746 0.114 
567 Mata_Mata3_    (0)    3 :  0.103 0.822 0.075 
568 Mata_Mata3_    (0)    3 :  0.127 0.795 0.078 
569 Mata_Mata3_    (0)    3 :  0.110 0.805 0.085 
570 Mata_Mata3_    (0)    3 :  0.118 0.819 0.063 
571 Mata_Mata3_    (0)    3 :  0.115 0.821 0.064 
572 Mata_Mata3_    (0)    3 :  0.146 0.790 0.064 
573 Mata_Mata3_    (0)    3 :  0.137 0.781 0.082 
574 Mata_Mata3_    (0)    3 :  0.131 0.802 0.068 
575 Mata_Mata3_    (0)    3 :  0.100 0.841 0.058 
576 Mata_Mata4_    (0)    3 :  0.124 0.818 0.058 
577 Mata_Mata4_    (0)    3 :  0.132 0.810 0.058 
578 Mata_Mata4_    (0)    3 :  0.112 0.820 0.068 
579 Mata_Mata4_    (0)    3 :  0.119 0.814 0.067 
580 Mata_Mata4_    (0)    3 :  0.152 0.772 0.076 
581 Mata_Mata4_    (0)    3 :  0.105 0.837 0.057 
582 Mata_Mata4_    (0)    3 :  0.127 0.804 0.069 
583 Mata_Mata4_    (0)    3 :  0.136 0.803 0.061 
584 Mata_Mata4_    (0)    3 :  0.122 0.804 0.074 
585 Mata_Mata4_    (0)    3 :  0.129 0.814 0.058 
586 Mata_Mata5_    (0)    3 :  0.126 0.774 0.100 
587 Muaiv_Muai    (0)    3 :  0.136 0.794 0.070 
588 Muaiv_Muai_    (0)    3 :  0.171 0.758 0.071 
589 Muaiv_Muai_    (0)    3 :  0.117 0.809 0.073 
590 Muaiv_Muai_    (0)    3 :  0.172 0.764 0.064 
591 Muaiv_Muai_    (0)    3 :  0.128 0.802 0.070 
592 Muaiv_Muai_    (0)    3 :  0.136 0.786 0.077 
593 Muaiv_Muai_    (0)    3 :  0.129 0.805 0.066 
594 Muaiv_Muai_    (0)    3 :  0.127 0.797 0.076 
595 Muaiv_Muai_    (0)    3 :  0.183 0.757 0.061 
596 Muaiv_Muai_    (0)    3 :  0.119 0.816 0.065 
597 Muaiv_Muai_    (0)    3 :  0.126 0.757 0.116 
598 Muaiv_Muai_    (0)    3 :  0.169 0.765 0.067 
599 Muaiv_Muai_    (0)    3 :  0.139 0.786 0.075 
600 Muaiv_Muai_    (0)    3 :  0.136 0.777 0.087 
601 Muaiv_Muai_    (0)    3 :  0.110 0.829 0.061 
602 Muaiv_Muai_    (0)    3 :  0.110 0.811 0.079 
603 Muaiv_Muai_    (0)    3 :  0.119 0.820 0.062 
604 Muaiv_Muai_    (0)    3 :  0.137 0.720 0.144 
605 Muaiv_Muai_    (0)    3 :  0.131 0.793 0.076 
606 Muaiv_Muai_    (0)    3 :  0.144 0.797 0.059 
607 Muaiv_Muai_    (0)    3 :  0.123 0.818 0.058 
608 Muaiv_Muai_    (0)    3 :  0.149 0.778 0.073 
609 Muaiv_Muai_    (0)    3 :  0.138 0.778 0.083 
610 Muaiv_Muai_    (0)    3 :  0.163 0.759 0.078 
611 Muaiv_Muai_    (0)    3 :  0.137 0.791 0.072 
612 Muaiv_Muai_    (0)    3 :  0.123 0.813 0.064 
613 Muaiv_Muai_    (0)    3 :  0.171 0.767 0.062 
614 Muaiv_Muai_    (0)    3 :  0.103 0.823 0.074 
615 Muaiv_Muai_    (0)    3 :  0.140 0.788 0.073 
616 Muaiv_Muai_    (0)    3 :  0.138 0.791 0.070 
617 Muaiv_Muai_    (0)    3 :  0.138 0.791 0.070 
618 Muaiv_Muai_    (0)    3 :  0.123 0.798 0.079 
619 Muaiv_Muai_    (0)    3 :  0.165 0.749 0.086 
620 Muaiv_Muai_    (0)    3 :  0.101 0.833 0.066 
621 Muaiv_Muai_    (0)    3 :  0.110 0.791 0.099 
622 Muaiv_Muai_    (0)    3 :  0.132 0.782 0.086 
623 Muaiv_Muai_    (0)    3 :  0.111 0.829 0.060 
624 Muaiv_Muai_    (0)    3 :  0.137 0.788 0.075 
625 Muaiv_Muai_    (0)    3 :  0.115 0.805 0.080 
626 Muaiv_Muai_    (0)    3 :  0.114 0.810 0.076 
627 Muaiv_Muai_    (0)    3 :  0.113 0.825 0.062 
628 Muaiv_Muai_    (0)    3 :  0.129 0.808 0.063 
629 Muaiv_Muai_    (0)    3 :  0.121 0.782 0.097 
630 Muaiv_Muai_    (0)    3 :  0.116 0.825 0.058 
631 Muaiv_Muai_    (0)    3 :  0.126 0.761 0.113 
632 Muaiv_Muai_    (0)    3 :  0.147 0.755 0.098 
633 Muaiv_Muai_    (0)    3 :  0.116 0.818 0.066 
634 Muaiv_Muai_    (0)    3 :  0.120 0.786 0.095 
635 Muaiv_Muai_    (0)    3 :  0.118 0.803 0.078 
636 Muaiv_Muai_    (0)    3 :  0.124 0.812 0.064 
637 Muaiv_Muai_    (0)    3 :  0.096 0.832 0.072 
638 Muaiv_Muai_    (0)    3 :  0.121 0.805 0.074 
639 Muaiv_Muai_    (0)    3 :  0.180 0.737 0.083 
640 Muaiv_Muai_    (0)    3 :  0.111 0.825 0.064 
641 Nadi_Nadi1    (0)    3 :  0.119 0.782 0.099 
642 Nadi_Nadi2    (0)    3 :  0.112 0.829 0.059 
643 Nadi_Nadi3    (0)    3 :  0.153 0.786 0.060 
644 Nadi_Nadi4    (0)    3 :  0.098 0.821 0.081 
645 Nadi_Nadi5    (0)    3 :  0.141 0.776 0.084 
646 Nadi_Nadi7    (0)    3 :  0.111 0.796 0.093 
647 Nadi_Nadi8    (0)    3 :  0.107 0.816 0.077 
648 Nadi_Nadi9    (0)    3 :  0.117 0.817 0.066 
649 Nadi_Nadi1_    (0)    3 :  0.104 0.836 0.060 
650 Nadi_Nadi1_    (0)    3 :  0.114 0.819 0.067 
651 Nadi_Nadi1_    (0)    3 :  0.105 0.827 0.068 
652 Nadi_Nadi1_    (0)    3 :  0.106 0.817 0.077 
653 Nadi_Nadi1_    (0)    3 :  0.107 0.806 0.087 
654 Nadi_Nadi1_    (0)    3 :  0.134 0.809 0.057 
655 Nadi_Nadi1_    (0)    3 :  0.133 0.793 0.074 
656 Nadi_Nadi1_    (0)    3 :  0.115 0.821 0.064 
657 Nadi_Nadi1_    (0)    3 :  0.101 0.830 0.068 
658 Nadi_Nadi1_    (0)    3 :  0.128 0.809 0.064 
659 Nadi_Nadi2_    (0)    3 :  0.124 0.802 0.074 
660 Nadi_Nadi2_    (0)    3 :  0.122 0.763 0.115 
661 Nadi_Nadi2_    (0)    3 :  0.166 0.777 0.057 
662 Nadi_Nadi2_    (0)    3 :  0.110 0.827 0.063 
663 Nadi_Nadi2_    (0)    3 :  0.132 0.810 0.058 
664 Nadi_Nadi2_    (0)    3 :  0.121 0.806 0.073 
665 Nadi_Nadi2_    (0)    3 :  0.127 0.813 0.060 
666 Nadi_Nadi2_    (0)    3 :  0.117 0.690 0.193 
667 Nadi_Nadi2_    (0)    3 :  0.135 0.775 0.089 
668 Nadi_Nadi3_    (0)    3 :  0.115 0.827 0.058 
669 Nadi_Nadi3_    (0)    3 :  0.113 0.812 0.075 
670 Nadi_Nadi3_    (0)    3 :  0.113 0.810 0.077 
671 Nadi_Nadi3_    (0)    3 :  0.118 0.818 0.064 
672 Nadi_Nadi3_    (0)    3 :  0.135 0.792 0.073 
673 Nadi_Nadi3_    (0)    3 :  0.125 0.806 0.069 
674 Nadi_Nadi3_    (0)    3 :  0.095 0.843 0.062 
675 Nadi_Nadi3_    (0)    3 :  0.099 0.842 0.058 
676 Nadi_Nadi3_    (0)    3 :  0.145 0.797 0.058 
677 Nadi_Nadi3_    (0)    3 :  0.132 0.792 0.075 
678 Nadi_Nadi4_    (0)    3 :  0.107 0.814 0.080 
679 Nadi_Nadi4_    (0)    3 :  0.108 0.838 0.054 
680 Nadi_Nadi4_    (0)    3 :  0.144 0.791 0.066 
681 Nadi_Nadi4_    (0)    3 :  0.098 0.827 0.075 
682 Nadi_Nadi4_    (0)    3 :  0.124 0.803 0.072 
683 Nadi_Nadi4_    (0)    3 :  0.119 0.818 0.063 
684 Nadi_Nadi4_    (0)    3 :  0.108 0.814 0.078 
685 Nadi_Nadi4_    (0)    3 :  0.104 0.835 0.061 
686 Nadi_Nadi4_    (0)    3 :  0.136 0.799 0.065 
687 Nadi_Nadi4_    (0)    3 :  0.133 0.792 0.074 
688 Nadi_Nadi5_    (0)    3 :  0.103 0.818 0.079 
689 Nadi_Nadi5_    (0)    3 :  0.156 0.777 0.067 
690 Nadi_Nadi5_    (0)    3 :  0.112 0.800 0.088 
691 Nadi_Nadi5_    (0)    3 :  0.111 0.834 0.056 
692 Suva_Suva1    (0)    3 :  0.143 0.801 0.056 
693 Suva_Suva2    (0)    3 :  0.131 0.801 0.069 
694 Suva_Suva3    (0)    3 :  0.124 0.790 0.085 
695 Suva_Suva4    (0)    3 :  0.145 0.785 0.070 
696 Suva_Suva5    (0)    3 :  0.150 0.770 0.080 
697 Suva_Suva6    (0)    3 :  0.109 0.829 0.062 
698 Suva_Suva7    (0)    3 :  0.108 0.828 0.064 
699 Suva_Suva8    (0)    3 :  0.124 0.794 0.082 
700 Suva_Suva9    (0)    3 :  0.150 0.789 0.061 
701 Suva_Suva1_    (0)    3 :  0.153 0.762 0.084 
702 Suva_Suva1_    (0)    3 :  0.112 0.794 0.095 
703 Suva_Suva1_    (0)    3 :  0.111 0.822 0.068 
704 Suva_Suva1_    (0)    3 :  0.098 0.835 0.067 
705 Suva_Suva1_    (0)    3 :  0.128 0.814 0.057 
706 Suva_Suva1_    (0)    3 :  0.106 0.709 0.185 
707 Suva_Suva1_    (0)    3 :  0.108 0.828 0.064 
708 Suva_Suva1_    (0)    3 :  0.094 0.811 0.094 
709 Suva_Suva1_    (0)    3 :  0.120 0.819 0.061 
710 Suva_Suva1_    (0)    3 :  0.110 0.816 0.075 
711 Suva_Suva2_    (0)    3 :  0.132 0.797 0.071 
712 Suva_Suva2_    (0)    3 :  0.098 0.821 0.081 
713 Suva_Suva2_    (0)    3 :  0.147 0.793 0.060 
714 Suva_Suva2_    (0)    3 :  0.201 0.712 0.086 
715 Suva_Suva2_    (0)    3 :  0.115 0.815 0.070 
716 Suva_Suva2_    (0)    3 :  0.145 0.794 0.061 
717 Suva_Suva2_    (0)    3 :  0.208 0.702 0.090 
718 Suva_Suva2_    (0)    3 :  0.126 0.808 0.066 
719 Suva_Suva2_    (0)    3 :  0.144 0.771 0.085 
720 Suva_Suva2_    (0)    3 :  0.098 0.756 0.146 
721 Suva_Suva3_    (0)    3 :  0.153 0.773 0.074 
722 Suva_Suva3_    (0)    3 :  0.140 0.796 0.064 
723 Suva_Suva3_    (0)    3 :  0.163 0.763 0.074 
724 Suva_Suva3_    (0)    3 :  0.154 0.769 0.077 
725 Suva_Suva3_    (0)    3 :  0.145 0.773 0.082 
726 Suva_Suva3_    (0)    3 :  0.143 0.784 0.072 
727 Suva_Suva3_    (0)    3 :  0.132 0.810 0.058 
728 Suva_Suva3_    (0)    3 :  0.122 0.815 0.063 
729 Suva_Suva3_    (0)    3 :  0.126 0.815 0.059 
730 Suva_Suva3_    (0)    3 :  0.120 0.793 0.087 
731 Suva_Suva4_    (0)    3 :  0.115 0.807 0.078 
732 Suva_Suva4_    (0)    3 :  0.102 0.804 0.094 
733 Suva_Suva4_    (0)    3 :  0.105 0.825 0.070 
734 Suva_Suva4_    (0)    3 :  0.130 0.806 0.064 
735 Suva_Suva4_    (0)    3 :  0.128 0.797 0.075 
736 Suva_Suva4_    (0)    3 :  0.101 0.832 0.068 
737 Suva_Suva4_    (0)    3 :  0.122 0.793 0.085 
738 Suva_Suva4_    (0)    3 :  0.123 0.808 0.069 
739 Suva_Suva4_    (0)    3 :  0.104 0.828 0.068 
740 Suva_Suva4_    (0)    3 :  0.110 0.826 0.065 
741 Suva_Suva5_    (0)    3 :  0.138 0.803 0.060 
742 Suva_Suva5_    (0)    3 :  0.113 0.816 0.071 
743 Suva_Suva5_    (0)    3 :  0.106 0.804 0.091 
744 Suva_Suva5_    (0)    3 :  0.103 0.822 0.076 
745 Suva_Suva5_    (0)    3 :  0.129 0.814 0.057 
746 Suva_Suva5_    (0)    3 :  0.110 0.816 0.074 
747 Suva_Suva5_    (0)    3 :  0.133 0.793 0.074 
748 Tave_Tave1    (0)    3 :  0.123 0.774 0.103 
749 Tave_Tave2    (0)    3 :  0.149 0.762 0.090 
750 Tave_Tave3    (0)    3 :  0.131 0.794 0.075 
751 Tave_Tave4    (0)    3 :  0.104 0.821 0.075 
752 Tave_Tave5    (0)    3 :  0.135 0.803 0.063 
753 Tave_Tave6    (0)    3 :  0.105 0.830 0.066 
754 Tave_Tave7    (0)    3 :  0.134 0.803 0.064 
755 Tave_Tave8    (0)    3 :  0.107 0.808 0.084 
756 Tave_Tave9    (0)    3 :  0.121 0.765 0.115 
757 Tave_Tave1_    (0)    3 :  0.101 0.836 0.063 
758 Tave_Tave1_    (0)    3 :  0.107 0.801 0.092 
759 Tave_Tave1_    (0)    3 :  0.119 0.802 0.079 
760 Tave_Tave1_    (0)    3 :  0.122 0.794 0.084 
761 Tave_Tave1_    (0)    3 :  0.116 0.822 0.062 
762 Tave_Tave1_    (0)    3 :  0.102 0.835 0.063 
763 Tave_Tave1_    (0)    3 :  0.113 0.770 0.117 
764 Tave_Tave1_    (0)    3 :  0.148 0.791 0.061 
765 Tave_Tave1_    (0)    3 :  0.152 0.712 0.136 
766 Tave_Tave1_    (0)    3 :  0.128 0.802 0.070 
767 Tave_Tave2_    (0)    3 :  0.176 0.764 0.060 
768 Tave_Tave2_    (0)    3 :  0.120 0.730 0.151 
769 Tave_Tave2_    (0)    3 :  0.123 0.819 0.058 
770 Tave_Tave2_    (0)    3 :  0.114 0.811 0.075 
