

----------------------------------------------------
STRUCTURE by Pritchard, Stephens and Donnelly (2000)
     and Falush, Stephens and Pritchard (2003)
       Code by Pritchard, Falush and Hubisz
             Version 2.3.4 (Jul 2012)
----------------------------------------------------



Command line arguments:   /opt/anaconda3/bin/structure -K 7 -i /data/home/edc5240/Daruanus/Daruanus_All_8locus_stru.txt -o /data/home/edc5240/Daruanus/output/str_K7_rep3 -D 3373205 -m /data/home/edc5240/Daruanus/mainparams -e /data/home/edc5240/Daruanus/extraparams 
Input File:    /data/home/edc5240/Daruanus/Daruanus_All_8locus_stru.txt

Run parameters:
   1358 individuals
   8 loci
   7 populations assumed
   250000 Burn-in period
   1000000 Reps
LOCPRIOR model used
RANDOMIZE turned off


--------------------------------------------
Proportion of membership of each pre-defined
 population in each of the 7 clusters

Given    Inferred Clusters                                   Number of
 Pop       1      2      3      4      5      6      7      Individuals

  1:     0.019  0.023  0.005  0.012  0.327  0.600  0.014       72
  2:     0.173  0.149  0.014  0.096  0.487  0.004  0.077      414
  3:     0.054  0.052  0.049  0.346  0.005  0.006  0.487      358
  4:     0.011  0.016  0.651  0.011  0.006  0.004  0.300      441
  5:     0.008  0.013  0.707  0.018  0.011  0.003  0.240       73
--------------------------------------------

Allele-freq. divergence among pops (Net nucleotide distance),
computed using point estimates of P.

      1       2       3       4       5       6       7      
 1      -    0.0000  0.0464  0.0201  0.0082  0.0112  0.0459  
 2   0.0000     -    0.0459  0.0200  0.0086  0.0109  0.0456  
 3   0.0464  0.0459     -    0.0629  0.0672  0.0636  0.0767  
 4   0.0201  0.0200  0.0629     -    0.0366  0.0355  0.0350  
 5   0.0082  0.0086  0.0672  0.0366     -    0.0163  0.0684  
 6   0.0112  0.0109  0.0636  0.0355  0.0163     -    0.0625  
 7   0.0459  0.0456  0.0767  0.0350  0.0684  0.0625     -    

Average distances (expected heterozygosity) between individuals in same cluster:
cluster  1  : 0.9171 
cluster  2  : 0.9178 
cluster  3  : 0.8161 
cluster  4  : 0.8467 
cluster  5  : 0.8926 
cluster  6  : 0.8918 
cluster  7  : 0.7727 

--------------------------------------------
Estimated Ln Prob of Data   = -55570.9
Mean value of ln likelihood = -54812.9
Variance of ln likelihood   = 1516.0
Mean value of alpha         = 4.5442

Mean value of alpha_local for each location:
	location  1:  0.3789  0.4218  0.1058  0.2367  6.4134  11.7050  0.2523
	location  2:  3.4931  3.7865  0.3028  2.2206  10.8267  0.0949  1.8048
	location  3:  3.0868  2.4605  2.6510  18.1690  0.2478  0.3305  25.2741
	location  4:  0.3481  0.4671  19.6238  0.3510  0.1691  0.1344  9.0738
	location  5:  0.5073  0.8096  47.9932  1.2359  0.7693  0.2529  15.1688

Mean value of Fst_1         = 0.0060
Mean value of Fst_2         = 0.0037
Mean value of Fst_3         = 0.1009
Mean value of Fst_4         = 0.0678
Mean value of Fst_5         = 0.0254
Mean value of Fst_6         = 0.0362
Mean value of Fst_7         = 0.1104

Mean value of r = 0.0716

Inferred ancestry of individuals:
        Label (%Miss) Pop:  Inferred clusters
  1 Lion_Lion1    (0)    1 :  0.016 0.019 0.005 0.011 0.296 0.641 0.011 
  2 Lion_Lion2    (0)    1 :  0.021 0.025 0.007 0.020 0.298 0.614 0.015 
  3 Lion_Lion3    (0)    1 :  0.018 0.021 0.006 0.012 0.295 0.630 0.017 
  4 Lion_Lion4    (0)    1 :  0.019 0.022 0.007 0.012 0.337 0.587 0.017 
  5 Lion_Lion5    (0)    1 :  0.018 0.021 0.005 0.010 0.305 0.630 0.010 
  6 Lion_Lion6    (0)    1 :  0.022 0.026 0.004 0.011 0.324 0.602 0.010 
  7 Lion_Lion7    (0)    1 :  0.020 0.023 0.005 0.012 0.335 0.593 0.012 
  8 Lion_Lion8    (0)    1 :  0.019 0.022 0.005 0.012 0.321 0.607 0.014 
  9 Lion_Lion9    (0)    1 :  0.019 0.022 0.009 0.016 0.277 0.640 0.018 
 10 Lion_Lion10    (0)    1 :  0.024 0.027 0.004 0.010 0.385 0.542 0.008 
 11 Lion_Lion11    (0)    1 :  0.019 0.024 0.005 0.012 0.321 0.604 0.015 
 12 Lion_Lion13    (0)    1 :  0.018 0.021 0.006 0.011 0.362 0.567 0.014 
 13 Lion_Lion14    (0)    1 :  0.019 0.023 0.007 0.010 0.294 0.635 0.012 
 14 Lion_Lion15    (0)    1 :  0.022 0.027 0.005 0.011 0.341 0.583 0.011 
 15 Lion_Lion16    (0)    1 :  0.020 0.023 0.004 0.010 0.346 0.586 0.010 
 16 Lion_Lion17    (0)    1 :  0.020 0.025 0.005 0.010 0.274 0.654 0.012 
 17 Lion_Lion18    (0)    1 :  0.017 0.020 0.004 0.010 0.344 0.594 0.011 
 18 Lion_Lion19    (0)    1 :  0.022 0.026 0.006 0.018 0.316 0.594 0.019 
 19 Lion_Lion20    (0)    1 :  0.022 0.026 0.005 0.012 0.359 0.552 0.022 
 20 Lion_Lion21    (0)    1 :  0.021 0.024 0.005 0.010 0.360 0.570 0.011 
 21 Lion_Lion22    (0)    1 :  0.018 0.020 0.004 0.009 0.291 0.648 0.009 
 22 Lion_Lion23    (0)    1 :  0.018 0.021 0.004 0.010 0.349 0.587 0.010 
 23 Lion_Lion24    (0)    1 :  0.021 0.024 0.004 0.014 0.326 0.589 0.022 
 24 Lion_Lion25    (0)    1 :  0.019 0.021 0.005 0.011 0.330 0.598 0.016 
 25 Lion_Lion26    (0)    1 :  0.019 0.022 0.006 0.011 0.312 0.618 0.012 
 26 Lion_Lion27    (0)    1 :  0.018 0.021 0.004 0.013 0.333 0.598 0.014 
 27 Lion_Lion28    (0)    1 :  0.019 0.023 0.005 0.009 0.299 0.632 0.012 
 28 Lion_Lion29    (0)    1 :  0.020 0.023 0.004 0.009 0.307 0.628 0.009 
 29 Lion_Lion30    (0)    1 :  0.023 0.027 0.008 0.017 0.339 0.573 0.013 
 30 Lion_Lion31    (0)    1 :  0.018 0.021 0.004 0.011 0.295 0.640 0.012 
 31 Lion_Lion32    (0)    1 :  0.016 0.018 0.004 0.008 0.286 0.661 0.008 
 32 Lion_Lion33    (0)    1 :  0.019 0.021 0.005 0.010 0.366 0.569 0.010 
 33 Lion_Lion34    (0)    1 :  0.016 0.018 0.007 0.009 0.326 0.614 0.010 
 34 Lion_Lion36    (0)    1 :  0.019 0.021 0.004 0.012 0.359 0.572 0.012 
 35 Lion_Lion38    (0)    1 :  0.018 0.021 0.003 0.011 0.341 0.594 0.012 
 36 Lion_Lion39    (0)    1 :  0.023 0.027 0.004 0.009 0.329 0.597 0.011 
 37 Lion_Lion40    (0)    1 :  0.017 0.020 0.004 0.013 0.305 0.625 0.015 
 38 Lion_Lion41    (0)    1 :  0.022 0.026 0.005 0.017 0.356 0.557 0.017 
 39 Lion_Lion42    (0)    1 :  0.022 0.025 0.004 0.011 0.355 0.570 0.014 
 40 Lion_Lion43    (0)    1 :  0.019 0.022 0.005 0.010 0.376 0.555 0.014 
 41 Lion_Lion44    (0)    1 :  0.022 0.026 0.004 0.015 0.307 0.608 0.017 
 42 Lion_Lion45    (0)    1 :  0.019 0.022 0.007 0.012 0.287 0.638 0.015 
 43 Lion_Lion46    (0)    1 :  0.018 0.021 0.008 0.013 0.284 0.640 0.017 
 44 Lion_Lion47    (0)    1 :  0.019 0.022 0.006 0.015 0.324 0.598 0.015 
 45 Lion_Lion48    (0)    1 :  0.019 0.022 0.004 0.011 0.362 0.568 0.013 
 46 Lion_Lion49    (0)    1 :  0.019 0.023 0.004 0.011 0.350 0.578 0.015 
 47 Lion_Lion50    (0)    1 :  0.024 0.028 0.004 0.012 0.343 0.573 0.016 
 48 Lion_Lion51    (0)    1 :  0.017 0.020 0.004 0.011 0.320 0.619 0.010 
 49 Lion_Lion52    (0)    1 :  0.021 0.025 0.006 0.013 0.312 0.607 0.016 
 50 Lolo_Lolo1    (0)    1 :  0.016 0.019 0.005 0.011 0.273 0.661 0.015 
 51 Lolo_Lolo2    (0)    1 :  0.019 0.023 0.006 0.011 0.276 0.650 0.016 
 52 Lolo_Lolo3    (0)    1 :  0.019 0.022 0.005 0.012 0.310 0.620 0.013 
 53 Lolo_Lolo4    (0)    1 :  0.017 0.020 0.005 0.009 0.342 0.592 0.015 
 54 Lolo_Lolo5    (0)    1 :  0.020 0.023 0.005 0.011 0.304 0.620 0.018 
 55 Lolo_Lolo6    (0)    1 :  0.020 0.024 0.011 0.011 0.366 0.553 0.015 
 56 Lolo_Lolo7    (0)    1 :  0.018 0.021 0.004 0.010 0.301 0.633 0.012 
 57 Lolo_Lolo8    (0)    1 :  0.018 0.021 0.008 0.011 0.299 0.630 0.013 
 58 Lolo_Lolo9    (0)    1 :  0.018 0.021 0.005 0.010 0.300 0.628 0.018 
 59 Manu_Manu1    (0)    1 :  0.019 0.023 0.004 0.011 0.309 0.620 0.014 
 60 Manu_Manu2    (0)    1 :  0.019 0.022 0.005 0.013 0.336 0.586 0.018 
 61 Manu_Manu3    (0)    1 :  0.019 0.022 0.004 0.011 0.361 0.572 0.011 
 62 Manu_Manu4    (0)    1 :  0.019 0.022 0.005 0.012 0.331 0.588 0.023 
 63 Manu_Manu5    (0)    1 :  0.020 0.023 0.012 0.011 0.370 0.550 0.014 
 64 Manu_Manu6    (0)    1 :  0.020 0.023 0.005 0.011 0.390 0.539 0.012 
 65 Manu_Manu7    (0)    1 :  0.021 0.024 0.005 0.011 0.335 0.594 0.011 
 66 Manu_Manu8    (0)    1 :  0.020 0.022 0.004 0.011 0.346 0.585 0.012 
 67 Manu_Manu9    (0)    1 :  0.022 0.026 0.007 0.017 0.318 0.591 0.019 
 68 Manu_Manu10    (0)    1 :  0.022 0.026 0.007 0.011 0.361 0.561 0.012 
 69 Manu_Manu11    (0)    1 :  0.020 0.023 0.005 0.011 0.349 0.580 0.012 
 70 Manu_Manu13    (0)    1 :  0.018 0.021 0.004 0.014 0.288 0.626 0.029 
 71 Manu_Manu14    (0)    1 :  0.018 0.021 0.004 0.009 0.385 0.553 0.009 
 72 Manu_Manu15    (0)    1 :  0.016 0.019 0.004 0.010 0.318 0.622 0.010 
 73   Go_Go1    (0)    2 :  0.182 0.155 0.013 0.089 0.465 0.005 0.091 
 74   Go_Go2    (0)    2 :  0.158 0.140 0.017 0.130 0.479 0.004 0.073 
 75   Go_Go3    (0)    2 :  0.187 0.161 0.012 0.095 0.464 0.004 0.076 
 76   Go_Go4    (0)    2 :  0.180 0.153 0.011 0.095 0.488 0.004 0.069 
 77   Go_Go5    (0)    2 :  0.179 0.154 0.014 0.097 0.471 0.005 0.080 
 78   Go_Go6    (0)    2 :  0.174 0.151 0.010 0.096 0.501 0.004 0.063 
 79   Go_Go7    (0)    2 :  0.172 0.150 0.012 0.122 0.468 0.004 0.072 
 80   Go_Go8    (0)    2 :  0.175 0.153 0.010 0.108 0.481 0.006 0.068 
 81   Go_Go9    (0)    2 :  0.180 0.153 0.022 0.081 0.486 0.006 0.071 
 82  Go_Go10    (0)    2 :  0.185 0.158 0.013 0.103 0.470 0.004 0.067 
 83  Go_Go11    (0)    2 :  0.169 0.148 0.011 0.107 0.489 0.004 0.072 
 84  Go_Go12    (0)    2 :  0.169 0.147 0.015 0.105 0.483 0.005 0.076 
 85  Go_Go13    (0)    2 :  0.182 0.153 0.014 0.087 0.496 0.003 0.064 
 86  Go_Go14    (0)    2 :  0.168 0.148 0.018 0.116 0.478 0.004 0.068 
 87  Go_Go15    (0)    2 :  0.171 0.147 0.012 0.092 0.496 0.004 0.079 
 88  Go_Go16    (0)    2 :  0.188 0.161 0.011 0.086 0.475 0.005 0.075 
 89  Go_Go17    (0)    2 :  0.160 0.138 0.013 0.090 0.513 0.004 0.082 
 90  Go_Go18    (0)    2 :  0.171 0.146 0.013 0.090 0.480 0.005 0.094 
 91  Go_Go19    (0)    2 :  0.163 0.142 0.019 0.102 0.470 0.004 0.100 
 92  Go_Go20    (0)    2 :  0.176 0.152 0.010 0.095 0.485 0.005 0.078 
 93  Go_Go21    (0)    2 :  0.168 0.145 0.012 0.083 0.510 0.004 0.079 
 94  Go_Go22    (0)    2 :  0.167 0.145 0.011 0.093 0.507 0.005 0.071 
 95  Go_Go23    (0)    2 :  0.166 0.144 0.014 0.111 0.471 0.004 0.090 
 96  Go_Go24    (0)    2 :  0.172 0.148 0.014 0.092 0.497 0.004 0.072 
 97  Go_Go25    (0)    2 :  0.165 0.145 0.012 0.119 0.469 0.004 0.084 
 98  Go_Go27    (0)    2 :  0.170 0.147 0.027 0.103 0.466 0.004 0.083 
 99  Go_Go28    (0)    2 :  0.179 0.155 0.024 0.096 0.457 0.005 0.085 
100  Go_Go29    (0)    2 :  0.161 0.141 0.018 0.098 0.441 0.004 0.136 
101  Go_Go30    (0)    2 :  0.164 0.142 0.012 0.071 0.546 0.004 0.060 
102  Go_Go31    (0)    2 :  0.157 0.138 0.011 0.126 0.481 0.004 0.083 
103  Go_Go32    (0)    2 :  0.181 0.155 0.020 0.121 0.443 0.004 0.078 
104  Go_Go33    (0)    2 :  0.172 0.148 0.013 0.084 0.517 0.004 0.063 
105  Go_Go34    (0)    2 :  0.163 0.141 0.012 0.095 0.493 0.004 0.093 
106  Go_Go35    (0)    2 :  0.172 0.148 0.014 0.112 0.468 0.004 0.082 
107  Go_Go36    (0)    2 :  0.177 0.154 0.010 0.130 0.458 0.004 0.068 
108  Go_Go37    (0)    2 :  0.192 0.163 0.012 0.100 0.459 0.005 0.070 
109  Go_Go38    (0)    2 :  0.182 0.157 0.009 0.086 0.503 0.004 0.058 
110  Go_Go39    (0)    2 :  0.171 0.148 0.012 0.091 0.444 0.004 0.129 
111  Go_Go40    (0)    2 :  0.172 0.148 0.011 0.092 0.484 0.004 0.089 
112  Go_Go41    (0)    2 :  0.167 0.148 0.011 0.152 0.457 0.004 0.061 
113  Go_Go42    (0)    2 :  0.160 0.143 0.019 0.171 0.408 0.004 0.094 
114  Go_Go43    (0)    2 :  0.161 0.140 0.014 0.107 0.459 0.004 0.115 
115  Go_Go44    (0)    2 :  0.176 0.152 0.017 0.100 0.476 0.005 0.073 
116  Go_Go45    (0)    2 :  0.188 0.158 0.011 0.100 0.473 0.004 0.067 
117  Go_Go46    (0)    2 :  0.184 0.158 0.013 0.108 0.461 0.005 0.070 
118  Go_Go47    (0)    2 :  0.189 0.161 0.016 0.090 0.458 0.004 0.081 
119  Go_Go48    (0)    2 :  0.172 0.147 0.010 0.085 0.514 0.004 0.068 
120  Go_Go49    (0)    2 :  0.188 0.161 0.016 0.098 0.465 0.005 0.067 
121  Go_Go50    (0)    2 :  0.170 0.147 0.012 0.084 0.503 0.005 0.079 
122  Go_Go51    (0)    2 :  0.170 0.148 0.013 0.071 0.542 0.004 0.051 
123  Go_Go52    (0)    2 :  0.180 0.153 0.012 0.084 0.497 0.004 0.071 
124  Go_Go53    (0)    2 :  0.171 0.146 0.013 0.092 0.506 0.005 0.067 
125  Go_Go54    (0)    2 :  0.167 0.143 0.014 0.088 0.519 0.004 0.065 
126  Go_Go55    (0)    2 :  0.174 0.148 0.011 0.084 0.523 0.004 0.056 
127  Go_Go56    (0)    2 :  0.169 0.146 0.015 0.107 0.491 0.004 0.069 
128 Hie_Hie2    (0)    2 :  0.214 0.180 0.014 0.078 0.444 0.003 0.067 
129 Hie_Hie3    (0)    2 :  0.171 0.148 0.018 0.110 0.472 0.004 0.077 
130 Hie_Hie4    (0)    2 :  0.162 0.141 0.013 0.122 0.473 0.004 0.085 
131 Hie_Hie5    (0)    2 :  0.155 0.135 0.011 0.088 0.532 0.004 0.074 
132 Hie_Hie6    (0)    2 :  0.172 0.147 0.015 0.090 0.489 0.005 0.083 
133 Hie_Hie7    (0)    2 :  0.159 0.138 0.018 0.094 0.498 0.004 0.088 
134 Hie_Hie8    (0)    2 :  0.177 0.152 0.014 0.115 0.464 0.004 0.074 
135 Hie_Hie9    (0)    2 :  0.173 0.149 0.014 0.083 0.490 0.006 0.086 
136 Hie_Hie11    (0)    2 :  0.164 0.144 0.014 0.119 0.452 0.005 0.102 
137 Hie_Hie12    (0)    2 :  0.157 0.137 0.013 0.104 0.525 0.003 0.061 
138 Hie_Hie13    (0)    2 :  0.177 0.153 0.011 0.090 0.485 0.005 0.080 
139 Hie_Hie14    (0)    2 :  0.184 0.157 0.011 0.086 0.497 0.004 0.061 
140 Hie_Hie15    (0)    2 :  0.176 0.152 0.017 0.097 0.475 0.004 0.078 
141 Hie_Hie16    (0)    2 :  0.158 0.138 0.011 0.077 0.551 0.004 0.061 
142 Hie_Hie17    (0)    2 :  0.160 0.139 0.019 0.101 0.428 0.004 0.149 
143 Hie_Hie18    (0)    2 :  0.177 0.151 0.011 0.083 0.498 0.004 0.076 
144 Hie_Hie19    (0)    2 :  0.181 0.157 0.013 0.112 0.441 0.004 0.093 
145 Hie_Hie20    (0)    2 :  0.186 0.159 0.018 0.090 0.463 0.003 0.081 
146 Hie_Hie21    (0)    2 :  0.177 0.154 0.013 0.134 0.451 0.005 0.067 
147 Hie_Hie22    (0)    2 :  0.171 0.147 0.013 0.094 0.497 0.004 0.074 
148 Hie_Hie23    (0)    2 :  0.180 0.154 0.011 0.075 0.510 0.004 0.067 
149 Hie_Hie24    (0)    2 :  0.172 0.148 0.012 0.097 0.500 0.004 0.067 
150 Hie_Hie25    (0)    2 :  0.154 0.134 0.012 0.091 0.512 0.004 0.093 
151 Hie_Hie26    (0)    2 :  0.169 0.147 0.010 0.088 0.523 0.004 0.058 
152 Hie_Hie27    (0)    2 :  0.184 0.158 0.012 0.107 0.459 0.005 0.076 
153 Hie_Hie28    (0)    2 :  0.177 0.152 0.020 0.090 0.477 0.003 0.080 
154 Hie_Hie29    (0)    2 :  0.169 0.148 0.026 0.100 0.474 0.004 0.079 
155 Hie_Hie30    (0)    2 :  0.182 0.158 0.014 0.093 0.487 0.004 0.062 
156 Hie_Hie31    (0)    2 :  0.158 0.139 0.015 0.081 0.529 0.004 0.075 
157 Hie_Hie32    (0)    2 :  0.172 0.147 0.013 0.088 0.513 0.004 0.063 
158 Hie_Hie33    (0)    2 :  0.165 0.144 0.015 0.107 0.492 0.004 0.074 
159 Hie_Hie34    (0)    2 :  0.171 0.147 0.013 0.093 0.485 0.004 0.087 
160 Hie_Hie35    (0)    2 :  0.167 0.146 0.011 0.117 0.490 0.004 0.065 
161 Hie_Hie36    (0)    2 :  0.157 0.139 0.012 0.111 0.512 0.004 0.065 
162 Hie_Hie37    (0)    2 :  0.165 0.143 0.015 0.091 0.503 0.004 0.080 
163 Hie_Hie38    (0)    2 :  0.169 0.145 0.019 0.098 0.503 0.004 0.062 
164 Hie_Hie39    (0)    2 :  0.177 0.152 0.012 0.093 0.475 0.006 0.086 
165 Hie_Hie40    (0)    2 :  0.174 0.147 0.012 0.084 0.504 0.004 0.075 
166 Hie_Hie41    (0)    2 :  0.187 0.159 0.014 0.089 0.478 0.007 0.066 
167 Hie_Hie42    (0)    2 :  0.172 0.150 0.023 0.117 0.403 0.006 0.129 
168 Hie_Hie43    (0)    2 :  0.175 0.152 0.031 0.102 0.448 0.004 0.087 
169 Hie_Hie44    (0)    2 :  0.187 0.161 0.009 0.110 0.473 0.004 0.056 
170 Hie_Hie45    (0)    2 :  0.154 0.136 0.014 0.131 0.462 0.004 0.098 
171 Hie_Hie46    (0)    2 :  0.163 0.141 0.014 0.094 0.511 0.004 0.074 
172 Hie_Hie47    (0)    2 :  0.177 0.152 0.010 0.093 0.503 0.004 0.061 
173 Hie_Hie48    (0)    2 :  0.165 0.143 0.012 0.098 0.499 0.004 0.078 
174 Hie_Hie49    (0)    2 :  0.189 0.161 0.009 0.070 0.491 0.003 0.076 
175 Lar_Lar1    (0)    2 :  0.173 0.148 0.010 0.089 0.514 0.005 0.060 
176 Lar_Lar2    (0)    2 :  0.178 0.151 0.015 0.085 0.502 0.004 0.064 
177 Lar_Lar3    (0)    2 :  0.160 0.140 0.023 0.114 0.478 0.004 0.082 
178 Lar_Lar4    (0)    2 :  0.160 0.140 0.015 0.103 0.501 0.004 0.078 
179 Lar_Lar5    (0)    2 :  0.168 0.145 0.012 0.088 0.508 0.004 0.076 
180 Lar_Lar6    (0)    2 :  0.183 0.158 0.013 0.088 0.491 0.004 0.064 
181 Lar_Lar7    (0)    2 :  0.174 0.151 0.015 0.105 0.441 0.004 0.110 
182 Lar_Lar8    (0)    2 :  0.156 0.138 0.011 0.089 0.499 0.004 0.102 
183 Lar_Lar10    (0)    2 :  0.174 0.148 0.016 0.105 0.477 0.004 0.076 
184 Lar_Lar11    (0)    2 :  0.176 0.150 0.018 0.083 0.491 0.004 0.079 
185 Lar_Lar12    (0)    2 :  0.176 0.152 0.015 0.095 0.456 0.004 0.103 
186 Lar_Lar14    (0)    2 :  0.194 0.166 0.011 0.094 0.458 0.004 0.073 
187 Lar_Lar15    (0)    2 :  0.168 0.146 0.014 0.083 0.509 0.004 0.075 
188 Lar_Lar16    (0)    2 :  0.157 0.137 0.013 0.082 0.530 0.004 0.077 
189 Lar_Lar17    (0)    2 :  0.177 0.154 0.010 0.102 0.441 0.004 0.112 
190 Lar_Lar18    (0)    2 :  0.170 0.146 0.013 0.110 0.486 0.004 0.072 
191 Lar_Lar19    (0)    2 :  0.163 0.141 0.014 0.096 0.512 0.004 0.071 
192 Lar_Lar20    (0)    2 :  0.176 0.153 0.023 0.088 0.448 0.004 0.108 
193 Lar_Lar21    (0)    2 :  0.164 0.143 0.010 0.086 0.540 0.004 0.053 
194 Lar_Lar22    (0)    2 :  0.178 0.154 0.012 0.096 0.476 0.004 0.079 
195 Lar_Lar23    (0)    2 :  0.161 0.139 0.012 0.081 0.538 0.004 0.066 
196 Lar_Lar24    (0)    2 :  0.163 0.141 0.012 0.083 0.505 0.004 0.093 
197 Lar_Lar25    (0)    2 :  0.180 0.155 0.021 0.100 0.465 0.005 0.074 
198 Lar_Lar26    (0)    2 :  0.170 0.148 0.016 0.095 0.489 0.004 0.077 
199 Lar_Lar27    (0)    2 :  0.174 0.148 0.012 0.079 0.482 0.007 0.100 
200 Lar_Lar28    (0)    2 :  0.157 0.138 0.018 0.082 0.534 0.004 0.068 
201 Lar_Lar29    (0)    2 :  0.181 0.153 0.013 0.092 0.497 0.004 0.060 
202 Lar_Lar30    (0)    2 :  0.166 0.145 0.014 0.119 0.478 0.005 0.072 
203 Lar_Lar31    (0)    2 :  0.183 0.156 0.014 0.094 0.478 0.004 0.071 
204 Lar_Lar32    (0)    2 :  0.164 0.143 0.012 0.118 0.474 0.004 0.084 
205 Lar_Lar33    (0)    2 :  0.156 0.137 0.019 0.099 0.504 0.004 0.082 
206 Lar_Lar34    (0)    2 :  0.157 0.137 0.010 0.098 0.491 0.004 0.102 
207 Lar_Lar35    (0)    2 :  0.171 0.147 0.011 0.103 0.503 0.004 0.060 
208 Lar_Lar36    (0)    2 :  0.176 0.151 0.039 0.093 0.451 0.005 0.086 
209 Lar_Lar37    (0)    2 :  0.182 0.156 0.011 0.084 0.484 0.005 0.077 
210 Lar_Lar38    (0)    2 :  0.182 0.156 0.011 0.088 0.493 0.005 0.065 
211 Lar_Lar39    (0)    2 :  0.191 0.163 0.016 0.098 0.442 0.005 0.085 
212 Lar_Lar40    (0)    2 :  0.155 0.138 0.012 0.117 0.507 0.004 0.067 
213 Lar_Lar41    (0)    2 :  0.170 0.147 0.010 0.081 0.531 0.004 0.057 
214 Lar_Lar42    (0)    2 :  0.159 0.139 0.016 0.081 0.529 0.004 0.072 
215 Lar_Lar43    (0)    2 :  0.162 0.141 0.023 0.116 0.436 0.004 0.119 
216 Lar_Lar44    (0)    2 :  0.189 0.161 0.016 0.089 0.451 0.005 0.089 
217 Lar_Lar45    (0)    2 :  0.173 0.149 0.012 0.099 0.489 0.004 0.074 
218 Lar_Lar46    (0)    2 :  0.149 0.131 0.010 0.079 0.569 0.004 0.058 
219 Lar_Lar47    (0)    2 :  0.186 0.160 0.014 0.097 0.474 0.005 0.064 
220 Lar_Lar48    (0)    2 :  0.167 0.146 0.011 0.127 0.474 0.004 0.071 
221 Lar_Lar49    (0)    2 :  0.170 0.147 0.020 0.084 0.478 0.004 0.098 
222 Lar_Lar50    (0)    2 :  0.175 0.150 0.011 0.080 0.517 0.004 0.063 
223 Lar_Lar51    (0)    2 :  0.165 0.143 0.012 0.104 0.489 0.004 0.082 
224 Lar_Lar52    (0)    2 :  0.179 0.154 0.011 0.075 0.497 0.004 0.078 
225 Lar_Lar53    (0)    2 :  0.168 0.145 0.010 0.070 0.547 0.004 0.055 
226 Mara_Mara1    (0)    2 :  0.184 0.157 0.014 0.089 0.489 0.004 0.064 
227 Mara_Mara2    (0)    2 :  0.179 0.153 0.011 0.085 0.500 0.004 0.069 
228 Mara_Mara3    (0)    2 :  0.158 0.138 0.010 0.106 0.513 0.004 0.070 
229 Mara_Mara4    (0)    2 :  0.185 0.157 0.017 0.085 0.477 0.005 0.074 
230 Mara_Mara5    (0)    2 :  0.178 0.153 0.011 0.083 0.507 0.004 0.065 
231 Mara_Mara6    (0)    2 :  0.187 0.160 0.014 0.085 0.479 0.004 0.070 
232 Mara_Mara7    (0)    2 :  0.190 0.164 0.015 0.089 0.468 0.006 0.068 
233 Mara_Mara8    (0)    2 :  0.157 0.136 0.011 0.093 0.512 0.004 0.088 
234 Mara_Mara9    (0)    2 :  0.157 0.136 0.010 0.094 0.539 0.005 0.060 
235 Mara_Mara1_    (0)    2 :  0.171 0.149 0.025 0.138 0.436 0.003 0.078 
236 Mara_Mara1_    (0)    2 :  0.174 0.152 0.020 0.098 0.468 0.004 0.085 
237 Mara_Mara1_    (0)    2 :  0.177 0.151 0.014 0.097 0.481 0.004 0.077 
238 Mara_Mara1_    (0)    2 :  0.193 0.164 0.016 0.084 0.475 0.004 0.064 
239 Mara_Mara1_    (0)    2 :  0.178 0.156 0.041 0.094 0.455 0.004 0.072 
240 Mara_Mara1_    (0)    2 :  0.169 0.148 0.014 0.100 0.481 0.004 0.084 
241 Mara_Mara1_    (0)    2 :  0.183 0.156 0.013 0.097 0.457 0.004 0.089 
242 Mara_Mara1_    (0)    2 :  0.179 0.155 0.013 0.113 0.465 0.005 0.071 
243 Mara_Mara1_    (0)    2 :  0.159 0.140 0.015 0.085 0.519 0.004 0.077 
244 Mara_Mara1_    (0)    2 :  0.166 0.144 0.012 0.087 0.503 0.005 0.084 
245 Mara_Mara2_    (0)    2 :  0.167 0.144 0.013 0.106 0.485 0.004 0.081 
246 Mara_Mara2_    (0)    2 :  0.179 0.153 0.023 0.104 0.453 0.004 0.083 
247 Mara_Mara2_    (0)    2 :  0.162 0.141 0.010 0.081 0.536 0.004 0.065 
248 Mara_Mara2_    (0)    2 :  0.172 0.147 0.012 0.087 0.509 0.004 0.068 
249 Mara_Mara2_    (0)    2 :  0.156 0.136 0.014 0.094 0.533 0.004 0.062 
250 Mara_Mara2_    (0)    2 :  0.163 0.142 0.011 0.102 0.486 0.004 0.092 
251 Mara_Mara2_    (0)    2 :  0.187 0.158 0.010 0.082 0.490 0.004 0.069 
252 Mara_Mara2_    (0)    2 :  0.182 0.155 0.012 0.091 0.476 0.004 0.080 
253 Mara_Mara2_    (0)    2 :  0.167 0.145 0.026 0.080 0.498 0.005 0.077 
254 Mara_Mara2_    (0)    2 :  0.175 0.152 0.022 0.102 0.447 0.005 0.097 
255 Mara_Mara3_    (0)    2 :  0.194 0.168 0.037 0.092 0.412 0.006 0.090 
256 Mara_Mara3_    (0)    2 :  0.177 0.150 0.015 0.091 0.447 0.006 0.115 
257 Mara_Mara3_    (0)    2 :  0.180 0.155 0.011 0.079 0.494 0.004 0.076 
258 Mara_Mara3_    (0)    2 :  0.175 0.150 0.013 0.084 0.491 0.004 0.083 
259 Mara_Mara3_    (0)    2 :  0.167 0.144 0.021 0.098 0.490 0.003 0.077 
260 Mara_Mara3_    (0)    2 :  0.174 0.150 0.018 0.110 0.475 0.004 0.069 
261 Mara_Mara3_    (0)    2 :  0.165 0.143 0.017 0.090 0.499 0.004 0.082 
262 Mara_Mara3_    (0)    2 :  0.174 0.150 0.011 0.097 0.483 0.003 0.081 
263 Mara_Mara3_    (0)    2 :  0.150 0.131 0.010 0.074 0.557 0.004 0.075 
264 Mara_Mara3_    (0)    2 :  0.156 0.137 0.012 0.090 0.512 0.004 0.089 
265 Mara_Mara4_    (0)    2 :  0.163 0.143 0.014 0.115 0.445 0.004 0.116 
266 Mara_Mara4_    (0)    2 :  0.175 0.150 0.012 0.091 0.505 0.005 0.062 
267 Mara_Mara4_    (0)    2 :  0.165 0.143 0.012 0.103 0.496 0.004 0.077 
268 Mara_Mara4_    (0)    2 :  0.170 0.145 0.014 0.085 0.513 0.004 0.069 
269 Mara_Mara4_    (0)    2 :  0.164 0.143 0.010 0.086 0.519 0.004 0.074 
270 Mara_Mara4_    (0)    2 :  0.183 0.156 0.011 0.097 0.488 0.004 0.061 
271 Mara_Mara4_    (0)    2 :  0.162 0.140 0.011 0.089 0.492 0.004 0.102 
272 Mara_Mara4_    (0)    2 :  0.161 0.141 0.012 0.113 0.497 0.004 0.071 
273 Mara_Mara4_    (0)    2 :  0.176 0.152 0.023 0.080 0.507 0.004 0.058 
274 Mara_Mara4_    (0)    2 :  0.165 0.144 0.011 0.092 0.516 0.004 0.069 
275 Mara_Mara5_    (0)    2 :  0.156 0.138 0.014 0.096 0.524 0.004 0.068 
276 Mara_Mara5_    (0)    2 :  0.179 0.153 0.015 0.083 0.499 0.005 0.067 
277 Mara_Mara5_    (0)    2 :  0.175 0.150 0.021 0.091 0.450 0.004 0.108 
278 MBO_MBO1    (0)    2 :  0.176 0.153 0.011 0.123 0.446 0.006 0.086 
279 MBO_MBO2    (0)    2 :  0.162 0.141 0.016 0.088 0.470 0.004 0.119 
280 MBO_MBO3    (0)    2 :  0.169 0.147 0.009 0.093 0.512 0.004 0.066 
281 MBO_MBO4    (0)    2 :  0.160 0.138 0.012 0.080 0.503 0.006 0.101 
282 MBO_MBO6    (0)    2 :  0.171 0.148 0.011 0.093 0.480 0.004 0.094 
283 MBO_MBO7    (0)    2 :  0.169 0.145 0.014 0.079 0.531 0.004 0.058 
284 MBO_MBO8    (0)    2 :  0.174 0.152 0.012 0.117 0.441 0.004 0.099 
285 MBO_MBO9    (0)    2 :  0.164 0.145 0.016 0.129 0.448 0.004 0.093 
286 MBO_MBO10    (0)    2 :  0.180 0.152 0.012 0.094 0.480 0.005 0.077 
287 MBO_MBO11    (0)    2 :  0.206 0.177 0.013 0.075 0.454 0.004 0.072 
288 MBO_MBO12    (0)    2 :  0.201 0.170 0.012 0.076 0.474 0.004 0.062 
289 MBO_MBO13    (0)    2 :  0.181 0.155 0.010 0.091 0.492 0.004 0.067 
290 MBO_MBO14    (0)    2 :  0.162 0.140 0.013 0.081 0.526 0.004 0.075 
291 MBO_MBO15    (0)    2 :  0.169 0.147 0.014 0.107 0.476 0.004 0.083 
292 MBO_MBO16    (0)    2 :  0.182 0.155 0.010 0.095 0.484 0.004 0.071 
293 MBO_MBO17    (0)    2 :  0.173 0.152 0.014 0.114 0.479 0.004 0.063 
294 MBO_MBO18    (0)    2 :  0.177 0.153 0.014 0.099 0.451 0.005 0.101 
295 MBO_MBO19    (0)    2 :  0.193 0.164 0.012 0.107 0.444 0.004 0.076 
296 MBO_MBO20    (0)    2 :  0.167 0.145 0.024 0.081 0.502 0.004 0.078 
297 MBO_MBO21    (0)    2 :  0.174 0.148 0.012 0.084 0.506 0.005 0.071 
298 MBO_MBO22    (0)    2 :  0.174 0.148 0.013 0.088 0.504 0.004 0.069 
299 MBO_MBO23    (0)    2 :  0.161 0.139 0.016 0.083 0.517 0.004 0.079 
300 MBO_MBO24    (0)    2 :  0.174 0.149 0.014 0.082 0.513 0.004 0.065 
301 MBO_MBO25    (0)    2 :  0.169 0.146 0.012 0.093 0.513 0.004 0.063 
302 MBO_MBO26    (0)    2 :  0.176 0.150 0.011 0.078 0.499 0.004 0.082 
303 MBO_MBO27    (0)    2 :  0.169 0.145 0.014 0.090 0.498 0.005 0.079 
304 MBO_MBO28    (0)    2 :  0.181 0.155 0.019 0.087 0.483 0.004 0.071 
305 MBO_MBO29    (0)    2 :  0.184 0.157 0.019 0.096 0.466 0.004 0.075 
306 MBO_MBO30    (0)    2 :  0.170 0.148 0.013 0.089 0.506 0.008 0.066 
307 MBO_MBO31    (0)    2 :  0.179 0.153 0.011 0.090 0.459 0.007 0.101 
308 MBO_MBO32    (0)    2 :  0.183 0.157 0.013 0.088 0.491 0.004 0.065 
309 MBO_MBO33    (0)    2 :  0.183 0.157 0.014 0.121 0.444 0.005 0.076 
310 MBO_MBO34    (0)    2 :  0.160 0.139 0.014 0.097 0.520 0.004 0.066 
311 MBO_MBO35    (0)    2 :  0.206 0.176 0.010 0.083 0.454 0.005 0.067 
312 MBO_MBO36    (0)    2 :  0.192 0.162 0.019 0.089 0.465 0.006 0.068 
313 MBO_MBO37    (0)    2 :  0.166 0.144 0.013 0.095 0.486 0.004 0.091 
314 MBO_MBO38    (0)    2 :  0.176 0.151 0.012 0.125 0.455 0.004 0.077 
315 MBO_MBO39    (0)    2 :  0.159 0.140 0.010 0.081 0.542 0.004 0.064 
316 MBO_MBO40    (0)    2 :  0.158 0.138 0.012 0.086 0.519 0.004 0.082 
317 MBO_MBO41    (0)    2 :  0.166 0.144 0.010 0.122 0.466 0.004 0.088 
318 MBO_MBO42    (0)    2 :  0.172 0.148 0.012 0.095 0.490 0.004 0.078 
319 MBO_MBO43    (0)    2 :  0.192 0.164 0.010 0.088 0.486 0.006 0.055 
320 MBO_MBO44    (0)    2 :  0.177 0.153 0.012 0.095 0.481 0.005 0.077 
321 MBO_MBO45    (0)    2 :  0.167 0.144 0.013 0.113 0.470 0.004 0.088 
322 MBO_MBO46    (0)    2 :  0.178 0.153 0.012 0.102 0.477 0.004 0.074 
323 MBO_MBO47    (0)    2 :  0.184 0.158 0.012 0.085 0.473 0.004 0.085 
324 MBO_MBO48    (0)    2 :  0.172 0.150 0.010 0.087 0.502 0.005 0.074 
325 MBO_MBO49    (0)    2 :  0.190 0.164 0.012 0.098 0.456 0.004 0.075 
326 MBO_MBO50    (0)    2 :  0.176 0.149 0.011 0.083 0.509 0.004 0.068 
327 MBO_MBO51    (0)    2 :  0.179 0.152 0.013 0.082 0.510 0.004 0.059 
328 QBW_QBW1    (0)    2 :  0.160 0.140 0.012 0.117 0.502 0.004 0.065 
329 QBW_QBW2    (0)    2 :  0.168 0.145 0.010 0.092 0.522 0.004 0.058 
330 QBW_QBW3    (0)    2 :  0.162 0.139 0.011 0.082 0.517 0.004 0.084 
331 QBW_QBW4    (0)    2 :  0.165 0.144 0.018 0.117 0.438 0.003 0.115 
332 QBW_QBW5    (0)    2 :  0.176 0.149 0.016 0.079 0.503 0.004 0.072 
333 QBW_QBW6    (0)    2 :  0.155 0.136 0.014 0.087 0.539 0.005 0.065 
334 QBW_QBW7    (0)    2 :  0.169 0.145 0.012 0.119 0.470 0.004 0.080 
335 QBW_QBW8    (0)    2 :  0.178 0.152 0.014 0.086 0.476 0.004 0.088 
336 QBW_QBW9    (0)    2 :  0.199 0.168 0.027 0.086 0.434 0.004 0.082 
337 QBW_QBW10    (0)    2 :  0.172 0.147 0.014 0.088 0.491 0.004 0.084 
338 QBW_QBW11    (0)    2 :  0.178 0.153 0.011 0.096 0.483 0.004 0.075 
339 QBW_QBW12    (0)    2 :  0.168 0.146 0.011 0.090 0.476 0.004 0.105 
340 QBW_QBW13    (0)    2 :  0.174 0.149 0.013 0.087 0.494 0.004 0.078 
341 QBW_QBW14    (0)    2 :  0.174 0.149 0.011 0.084 0.509 0.005 0.067 
342 QBW_QBW15    (0)    2 :  0.164 0.142 0.016 0.106 0.490 0.004 0.078 
343 QBW_QBW16    (0)    2 :  0.175 0.150 0.014 0.111 0.462 0.004 0.084 
344 QBW_QBW17    (0)    2 :  0.157 0.137 0.013 0.101 0.494 0.004 0.093 
345 QBW_QBW18    (0)    2 :  0.173 0.150 0.010 0.100 0.491 0.005 0.070 
346 QBW_QBW19    (0)    2 :  0.175 0.151 0.011 0.084 0.517 0.004 0.058 
347 QBW_QBW20    (0)    2 :  0.172 0.148 0.011 0.092 0.509 0.005 0.064 
348 QBW_QBW21    (0)    2 :  0.169 0.144 0.010 0.084 0.496 0.005 0.092 
349 QBW_QBW22    (0)    2 :  0.166 0.142 0.013 0.091 0.504 0.005 0.079 
350 QBW_QBW23    (0)    2 :  0.185 0.158 0.010 0.082 0.489 0.004 0.073 
351 QBW_QBW24    (0)    2 :  0.173 0.148 0.011 0.074 0.523 0.004 0.068 
352 QBW_QBW25    (0)    2 :  0.178 0.154 0.018 0.100 0.474 0.005 0.071 
353 QBW_QBW26    (0)    2 :  0.167 0.145 0.014 0.094 0.497 0.004 0.078 
354 QBW_QBW27    (0)    2 :  0.165 0.142 0.011 0.081 0.527 0.004 0.071 
355 QBW_QBW28    (0)    2 :  0.190 0.161 0.011 0.083 0.473 0.004 0.077 
356 QBW_QBW29    (0)    2 :  0.182 0.154 0.011 0.099 0.470 0.003 0.081 
357 QBW_QBW30    (0)    2 :  0.179 0.152 0.012 0.089 0.492 0.005 0.071 
358 QBW_QBW31    (0)    2 :  0.154 0.135 0.012 0.128 0.497 0.003 0.070 
359 QBW_QBW32    (0)    2 :  0.176 0.150 0.014 0.111 0.462 0.004 0.084 
360 QBW_QBW33    (0)    2 :  0.157 0.137 0.013 0.101 0.494 0.004 0.093 
361 QBW_QBW34    (0)    2 :  0.177 0.153 0.010 0.101 0.483 0.005 0.070 
362 QBW_QBW35    (0)    2 :  0.175 0.151 0.011 0.084 0.517 0.004 0.058 
363 QBW_QBW36    (0)    2 :  0.172 0.148 0.011 0.091 0.509 0.005 0.064 
364 QBW_QBW37    (0)    2 :  0.192 0.163 0.017 0.084 0.476 0.004 0.065 
365 QBW_QBW38    (0)    2 :  0.165 0.142 0.016 0.087 0.508 0.004 0.077 
366 QBW_QBW39    (0)    2 :  0.164 0.143 0.012 0.099 0.503 0.005 0.073 
367 QBW_QBW40    (0)    2 :  0.177 0.151 0.013 0.084 0.499 0.004 0.072 
368 QBW_QBW41    (0)    2 :  0.173 0.150 0.019 0.075 0.493 0.004 0.086 
369 QBW_QBW42    (0)    2 :  0.189 0.160 0.010 0.109 0.450 0.004 0.078 
370 QBW_QBW43    (0)    2 :  0.195 0.165 0.038 0.085 0.451 0.005 0.062 
371 QBW_QBW44    (0)    2 :  0.186 0.159 0.018 0.089 0.477 0.004 0.066 
372 QBW_QBW45    (0)    2 :  0.185 0.159 0.023 0.105 0.457 0.005 0.065 
373 QBW_QBW46    (0)    2 :  0.167 0.145 0.010 0.098 0.513 0.005 0.063 
374 QBW_QBW47    (0)    2 :  0.192 0.167 0.015 0.112 0.441 0.004 0.068 
375 QBW_QBW48    (0)    2 :  0.161 0.140 0.010 0.088 0.530 0.004 0.067 
376 QBW_QBW49    (0)    2 :  0.172 0.148 0.020 0.080 0.480 0.004 0.096 
377 QBW_QBW50    (0)    2 :  0.170 0.149 0.012 0.112 0.468 0.003 0.085 
378 QBW_QBW51    (0)    2 :  0.156 0.136 0.013 0.121 0.440 0.004 0.129 
379 QBW_QBW52    (0)    2 :  0.175 0.149 0.010 0.091 0.509 0.005 0.062 
380 QBW_QBW53    (0)    2 :  0.186 0.159 0.011 0.110 0.448 0.005 0.082 
381 QBW_QBW54    (0)    2 :  0.152 0.133 0.013 0.091 0.531 0.004 0.077 
382 Ten_Ten1    (0)    2 :  0.185 0.158 0.018 0.086 0.491 0.004 0.060 
383 Ten_Ten2    (0)    2 :  0.162 0.139 0.011 0.078 0.537 0.003 0.070 
384 Ten_Ten3    (0)    2 :  0.185 0.157 0.017 0.091 0.477 0.004 0.069 
385 Ten_Ten4    (0)    2 :  0.185 0.158 0.010 0.109 0.456 0.004 0.079 
386 Ten_Ten5    (0)    2 :  0.159 0.137 0.011 0.097 0.533 0.004 0.059 
387 Ten_Ten6    (0)    2 :  0.152 0.134 0.011 0.081 0.557 0.004 0.061 
388 Ten_Ten7    (0)    2 :  0.180 0.154 0.021 0.092 0.409 0.005 0.139 
389 Ten_Ten8    (0)    2 :  0.172 0.149 0.012 0.103 0.486 0.008 0.071 
390 Ten_Ten9    (0)    2 :  0.158 0.136 0.014 0.096 0.510 0.004 0.083 
391 Ten_Ten10    (0)    2 :  0.163 0.141 0.013 0.095 0.492 0.004 0.093 
392 Ten_Ten11    (0)    2 :  0.175 0.150 0.021 0.090 0.490 0.006 0.067 
393 Ten_Ten12    (0)    2 :  0.174 0.149 0.014 0.092 0.486 0.004 0.080 
394 Ten_Ten13    (0)    2 :  0.167 0.146 0.022 0.106 0.486 0.004 0.070 
395 Ten_Ten14    (0)    2 :  0.170 0.145 0.011 0.097 0.484 0.004 0.088 
396 Ten_Ten15    (0)    2 :  0.153 0.135 0.012 0.097 0.501 0.004 0.098 
397 Ten_Ten16    (0)    2 :  0.164 0.142 0.012 0.078 0.534 0.004 0.065 
398 Ten_Ten17    (0)    2 :  0.175 0.151 0.010 0.127 0.454 0.004 0.079 
399 Ten_Ten18    (0)    2 :  0.170 0.146 0.018 0.081 0.496 0.004 0.085 
400 Ten_Ten19    (0)    2 :  0.173 0.150 0.013 0.109 0.477 0.003 0.074 
401 Ten_Ten20    (0)    2 :  0.163 0.141 0.012 0.092 0.510 0.003 0.079 
402 Ten_Ten21    (0)    2 :  0.178 0.152 0.010 0.098 0.463 0.005 0.092 
403 Ten_Ten22    (0)    2 :  0.165 0.144 0.011 0.110 0.508 0.004 0.058 
404 Ten_Ten23    (0)    2 :  0.167 0.143 0.011 0.105 0.467 0.004 0.104 
405 Ten_Ten24    (0)    2 :  0.169 0.145 0.013 0.084 0.495 0.003 0.091 
406 Ten_Ten25    (0)    2 :  0.173 0.149 0.019 0.085 0.498 0.004 0.073 
407 Ten_Ten26    (0)    2 :  0.166 0.144 0.011 0.110 0.474 0.004 0.091 
408 Ten_Ten27    (0)    2 :  0.167 0.147 0.011 0.117 0.482 0.005 0.072 
409 Ten_Ten28    (0)    2 :  0.177 0.152 0.014 0.086 0.458 0.004 0.108 
410 Ten_Ten29    (0)    2 :  0.164 0.142 0.010 0.079 0.537 0.004 0.064 
411 Ten_Ten30    (0)    2 :  0.162 0.140 0.011 0.085 0.536 0.004 0.061 
412 Ten_Ten31    (0)    2 :  0.179 0.155 0.014 0.116 0.447 0.004 0.084 
413 Ten_Ten32    (0)    2 :  0.163 0.141 0.011 0.093 0.514 0.004 0.074 
414 Ten_Ten33    (0)    2 :  0.189 0.161 0.014 0.103 0.435 0.004 0.093 
415 Ten_Ten34    (0)    2 :  0.203 0.170 0.011 0.090 0.467 0.004 0.056 
416 Ten_Ten35    (0)    2 :  0.184 0.159 0.010 0.116 0.468 0.004 0.059 
417 Ten_Ten36    (0)    2 :  0.191 0.162 0.019 0.098 0.439 0.004 0.088 
418 Ten_Ten37    (0)    2 :  0.182 0.156 0.010 0.084 0.510 0.004 0.054 
419 Ten_Ten38    (0)    2 :  0.177 0.150 0.014 0.079 0.509 0.004 0.068 
420 Ten_Ten39    (0)    2 :  0.164 0.142 0.022 0.089 0.506 0.004 0.073 
421 Ten_Ten40    (0)    2 :  0.155 0.135 0.010 0.087 0.533 0.004 0.075 
422 Ten_Ten41    (0)    2 :  0.168 0.144 0.010 0.090 0.512 0.004 0.073 
423 Ten_Ten42    (0)    2 :  0.170 0.148 0.034 0.101 0.459 0.004 0.083 
424 Ten_Ten43    (0)    2 :  0.179 0.152 0.012 0.092 0.502 0.004 0.059 
425 Ten_Ten44    (0)    2 :  0.173 0.150 0.023 0.082 0.497 0.004 0.072 
426 Ten_Ten45    (0)    2 :  0.155 0.136 0.010 0.077 0.552 0.004 0.066 
427 Ten_Ten46    (0)    2 :  0.169 0.147 0.011 0.105 0.481 0.004 0.083 
428 Ten_Ten47    (0)    2 :  0.183 0.158 0.010 0.130 0.445 0.004 0.071 
429 Ten_Ten48    (0)    2 :  0.163 0.141 0.018 0.082 0.516 0.003 0.077 
430 Ten_Ten49    (0)    2 :  0.181 0.154 0.012 0.078 0.511 0.004 0.060 
431 Ten_Ten50    (0)    2 :  0.162 0.142 0.011 0.109 0.497 0.005 0.073 
432 Ten_Ten51    (0)    2 :  0.156 0.136 0.009 0.081 0.553 0.004 0.061 
433 Ten_Ten52    (0)    2 :  0.163 0.142 0.018 0.119 0.464 0.004 0.090 
434 Tote_Tote1    (0)    2 :  0.178 0.153 0.013 0.093 0.495 0.004 0.064 
435 Tote_Tote2    (0)    2 :  0.159 0.140 0.014 0.136 0.450 0.004 0.096 
436 Tote_Tote3    (0)    2 :  0.170 0.146 0.012 0.092 0.498 0.006 0.077 
437 Tote_Tote4    (0)    2 :  0.182 0.156 0.016 0.083 0.487 0.004 0.071 
438 Tote_Tote5    (0)    2 :  0.169 0.145 0.016 0.087 0.501 0.004 0.078 
439 Tote_Tote6    (0)    2 :  0.179 0.154 0.013 0.113 0.460 0.004 0.077 
440 Tote_Tote7    (0)    2 :  0.182 0.155 0.017 0.089 0.454 0.004 0.098 
441 Tote_Tote8    (0)    2 :  0.190 0.162 0.012 0.075 0.495 0.006 0.060 
442 Tote_Tote1_    (0)    2 :  0.165 0.143 0.012 0.106 0.486 0.004 0.085 
443 Tote_Tote1_    (0)    2 :  0.179 0.153 0.011 0.089 0.503 0.004 0.061 
444 Tote_Tote1_    (0)    2 :  0.184 0.157 0.011 0.093 0.455 0.004 0.096 
445 Tote_Tote1_    (0)    2 :  0.178 0.153 0.017 0.108 0.457 0.004 0.083 
446 Tote_Tote1_    (0)    2 :  0.166 0.145 0.017 0.127 0.468 0.004 0.073 
447 Tote_Tote1_    (0)    2 :  0.174 0.148 0.020 0.095 0.471 0.004 0.089 
448 Tote_Tote1_    (0)    2 :  0.181 0.158 0.024 0.137 0.407 0.004 0.090 
449 Tote_Tote1_    (0)    2 :  0.172 0.150 0.012 0.112 0.423 0.005 0.126 
450 Tote_Tote1_    (0)    2 :  0.179 0.154 0.019 0.090 0.488 0.004 0.066 
451 Tote_Tote2_    (0)    2 :  0.173 0.149 0.013 0.097 0.481 0.005 0.082 
452 Tote_Tote2_    (0)    2 :  0.171 0.148 0.014 0.099 0.497 0.004 0.068 
453 Tote_Tote2_    (0)    2 :  0.175 0.151 0.011 0.115 0.466 0.004 0.079 
454 Tote_Tote2_    (0)    2 :  0.185 0.157 0.011 0.093 0.481 0.005 0.069 
455 Tote_Tote2_    (0)    2 :  0.169 0.146 0.018 0.091 0.490 0.006 0.080 
456 Tote_Tote2_    (0)    2 :  0.159 0.140 0.010 0.099 0.532 0.004 0.057 
457 Tote_Tote2_    (0)    2 :  0.176 0.151 0.011 0.085 0.503 0.004 0.071 
458 Tote_Tote2_    (0)    2 :  0.153 0.134 0.010 0.092 0.538 0.003 0.069 
459 Tote_Tote2_    (0)    2 :  0.177 0.151 0.010 0.085 0.491 0.004 0.082 
460 Tote_Tote2_    (0)    2 :  0.159 0.139 0.011 0.082 0.536 0.004 0.069 
461 Tote_Tote3_    (0)    2 :  0.168 0.148 0.018 0.137 0.429 0.003 0.096 
462 Tote_Tote3_    (0)    2 :  0.191 0.163 0.013 0.079 0.491 0.003 0.060 
463 Tote_Tote3_    (0)    2 :  0.171 0.149 0.014 0.111 0.485 0.004 0.065 
464 Tote_Tote3_    (0)    2 :  0.177 0.152 0.014 0.101 0.480 0.005 0.070 
465 Tote_Tote3_    (0)    2 :  0.171 0.147 0.010 0.093 0.490 0.005 0.084 
466 Tote_Tote3_    (0)    2 :  0.174 0.151 0.025 0.096 0.473 0.006 0.076 
467 Tote_Tote3_    (0)    2 :  0.191 0.166 0.025 0.094 0.442 0.004 0.076 
468 Tote_Tote3_    (0)    2 :  0.174 0.149 0.011 0.106 0.481 0.004 0.075 
469 Tote_Tote3_    (0)    2 :  0.163 0.141 0.011 0.087 0.502 0.004 0.092 
470 Tote_Tote3_    (0)    2 :  0.174 0.152 0.020 0.129 0.425 0.004 0.097 
471 Tote_Tote4_    (0)    2 :  0.179 0.154 0.014 0.115 0.465 0.004 0.069 
472 Tote_Tote4_    (0)    2 :  0.181 0.156 0.012 0.086 0.497 0.004 0.064 
473 Tote_Tote4_    (0)    2 :  0.170 0.147 0.010 0.085 0.519 0.005 0.063 
474 Tote_Tote4_    (0)    2 :  0.169 0.146 0.018 0.101 0.460 0.006 0.100 
475 Tote_Tote4_    (0)    2 :  0.174 0.150 0.015 0.102 0.466 0.005 0.088 
476 Tote_Tote4_    (0)    2 :  0.174 0.151 0.015 0.105 0.474 0.004 0.077 
477 Tote_Tote4_    (0)    2 :  0.171 0.147 0.014 0.106 0.467 0.005 0.091 
478 Tote_Tote4_    (0)    2 :  0.176 0.153 0.014 0.086 0.506 0.004 0.061 
479 Tote_Tote4_    (0)    2 :  0.182 0.155 0.021 0.081 0.496 0.004 0.061 
480 Tote_Tote4_    (0)    2 :  0.181 0.156 0.025 0.080 0.488 0.004 0.066 
481 Tote_Tote5_    (0)    2 :  0.163 0.143 0.012 0.125 0.477 0.005 0.076 
482 Tote_Tote5_    (0)    2 :  0.182 0.155 0.011 0.097 0.462 0.004 0.088 
483 Tote_Tote5_    (0)    2 :  0.171 0.147 0.011 0.100 0.485 0.004 0.082 
484 Tote_Tote5_    (0)    2 :  0.175 0.151 0.009 0.077 0.520 0.004 0.065 
485 Tote_Tote5_    (0)    2 :  0.153 0.134 0.013 0.099 0.519 0.004 0.078 
486 Tote_Tote5_    (0)    2 :  0.189 0.164 0.009 0.107 0.473 0.004 0.053 
487 Taga_Taga1    (0)    3 :  0.050 0.047 0.047 0.343 0.004 0.006 0.503 
488 Taga_Taga2    (0)    3 :  0.057 0.056 0.049 0.346 0.005 0.007 0.480 
489 Taga_Taga3    (0)    3 :  0.053 0.052 0.042 0.377 0.005 0.006 0.466 
490 Taga_Taga4    (0)    3 :  0.052 0.050 0.046 0.344 0.005 0.006 0.498 
491 Taga_Taga5    (0)    3 :  0.054 0.052 0.049 0.343 0.005 0.006 0.490 
492 Taga_Taga6    (0)    3 :  0.056 0.056 0.047 0.359 0.006 0.008 0.468 
493 Taga_Taga7    (0)    3 :  0.054 0.053 0.044 0.319 0.005 0.006 0.520 
494 Taga_Taga8    (0)    3 :  0.052 0.050 0.051 0.340 0.005 0.007 0.496 
495 Taga_Taga9    (0)    3 :  0.051 0.049 0.042 0.326 0.005 0.006 0.522 
496 Taga_Taga1_    (0)    3 :  0.060 0.060 0.049 0.350 0.006 0.007 0.469 
497 Taga_Taga1_    (0)    3 :  0.053 0.051 0.066 0.342 0.006 0.006 0.476 
498 Taga_Taga1_    (0)    3 :  0.057 0.055 0.050 0.365 0.005 0.006 0.463 
499 Taga_Taga1_    (0)    3 :  0.057 0.056 0.042 0.367 0.005 0.007 0.467 
500 Taga_Taga1_    (0)    3 :  0.054 0.053 0.046 0.359 0.005 0.006 0.477 
501 Taga_Taga1_    (0)    3 :  0.054 0.052 0.044 0.343 0.005 0.006 0.497 
502 Taga_Taga1_    (0)    3 :  0.052 0.051 0.056 0.314 0.004 0.006 0.516 
503 Taga_Taga1_    (0)    3 :  0.053 0.052 0.061 0.344 0.005 0.006 0.479 
504 Taga_Taga1_    (0)    3 :  0.052 0.050 0.051 0.343 0.005 0.006 0.493 
505 Taga_Taga1_    (0)    3 :  0.050 0.048 0.050 0.332 0.005 0.006 0.509 
506 Taga_Taga2_    (0)    3 :  0.051 0.049 0.049 0.358 0.005 0.006 0.482 
507 Taga_Taga2_    (0)    3 :  0.050 0.048 0.046 0.364 0.004 0.006 0.482 
