

----------------------------------------------------
STRUCTURE by Pritchard, Stephens and Donnelly (2000)
     and Falush, Stephens and Pritchard (2003)
       Code by Pritchard, Falush and Hubisz
             Version 2.3.4 (Jul 2012)
----------------------------------------------------



Command line arguments:   /opt/anaconda3/bin/structure -K 10 -i /data/home/edc5240/Daruanus/Daruanus_All_8locus_stru.txt -o /data/home/edc5240/Daruanus/output/str_K10_rep5 -D 2153978 -m /data/home/edc5240/Daruanus/mainparams -e /data/home/edc5240/Daruanus/extraparams 
Input File:    /data/home/edc5240/Daruanus/Daruanus_All_8locus_stru.txt

Run parameters:
   1358 individuals
   8 loci
   10 populations assumed
   250000 Burn-in period
   1000000 Reps
LOCPRIOR model used
RANDOMIZE turned off


--------------------------------------------
Proportion of membership of each pre-defined
 population in each of the 10 clusters

Given    Inferred Clusters                                                        Number of
 Pop       1      2      3      4      5      6      7      8      9     10      Individuals

  1:     0.014  0.008  0.033  0.015  0.016  0.519  0.093  0.014  0.005  0.283       72
  2:     0.101  0.102  0.091  0.030  0.020  0.002  0.077  0.146  0.007  0.424      414
  3:     0.007  0.332  0.461  0.108  0.039  0.004  0.001  0.004  0.041  0.002      358
  4:     0.016  0.020  0.318  0.002  0.011  0.004  0.006  0.006  0.617  0.001      441
  5:     0.009  0.028  0.257  0.007  0.007  0.004  0.007  0.009  0.668  0.003       73
--------------------------------------------

Allele-freq. divergence among pops (Net nucleotide distance),
computed using point estimates of P.

      1       2       3       4       5       6       7       8       9      10      
 1      -    0.0269  0.0495  0.0002  0.0001  0.0125  0.0003  0.0000  0.0497  0.0107  
 2   0.0269     -    0.0377  0.0250  0.0257  0.0444  0.0277  0.0267  0.0737  0.0487  
 3   0.0495  0.0377     -    0.0473  0.0477  0.0667  0.0503  0.0492  0.0835  0.0790  
 4   0.0002  0.0250  0.0473     -    0.0000  0.0124  0.0004  0.0002  0.0492  0.0126  
 5   0.0001  0.0257  0.0477  0.0000     -    0.0121  0.0003  0.0001  0.0490  0.0122  
 6   0.0125  0.0444  0.0667  0.0124  0.0121     -    0.0093  0.0122  0.0692  0.0195  
 7   0.0003  0.0277  0.0503  0.0004  0.0003  0.0093     -    0.0002  0.0510  0.0103  
 8   0.0000  0.0267  0.0492  0.0002  0.0001  0.0122  0.0002     -    0.0495  0.0109  
 9   0.0497  0.0737  0.0835  0.0492  0.0490  0.0692  0.0510  0.0495     -    0.0743  
10   0.0107  0.0487  0.0790  0.0126  0.0122  0.0195  0.0103  0.0109  0.0743     -    

Average distances (expected heterozygosity) between individuals in same cluster:
cluster  1  : 0.9166 
cluster  2  : 0.8302 
cluster  3  : 0.7687 
cluster  4  : 0.9159 
cluster  5  : 0.9166 
cluster  6  : 0.8889 
cluster  7  : 0.9161 
cluster  8  : 0.9174 
cluster  9  : 0.8108 
cluster 10  : 0.8897 

--------------------------------------------
Estimated Ln Prob of Data   = -55458.5
Mean value of ln likelihood = -54852.5
Variance of ln likelihood   = 1212.1
Mean value of alpha         = 5.9745

Mean value of alpha_local for each location:
	location  1:  0.6214  0.3581  1.5808  0.6808  0.7005  23.3211  4.0165  0.6542  0.2258  12.3219
	location  2:  7.0471  6.7942  6.1703  2.0163  1.2362  0.1536  5.0044  9.5258  0.4893  28.0634
	location  3:  0.3500  16.5257  22.2764  5.4671  1.8020  0.1897  0.0294  0.2026  2.0622  0.1001
	location  4:  0.6479  0.8066  13.2007  0.0790  0.5000  0.1498  0.2663  0.2407  25.6835  0.0222
	location  5:  0.4368  1.3854  12.4113  0.3313  0.3686  0.2273  0.3755  0.4226  33.5084  0.1705

Mean value of Fst_1         = 0.0096
Mean value of Fst_2         = 0.0884
Mean value of Fst_3         = 0.1238
Mean value of Fst_4         = 0.0074
Mean value of Fst_5         = 0.0102
Mean value of Fst_6         = 0.0442
Mean value of Fst_7         = 0.0157
Mean value of Fst_8         = 0.0070
Mean value of Fst_9         = 0.1086
Mean value of Fst_10         = 0.0313

Mean value of r = 0.0608

Inferred ancestry of individuals:
        Label (%Miss) Pop:  Inferred clusters
  1 Lion_Lion1    (0)    1 :  0.013 0.007 0.030 0.014 0.015 0.537 0.092 0.014 0.005 0.272 
  2 Lion_Lion2    (0)    1 :  0.014 0.010 0.034 0.015 0.017 0.524 0.094 0.015 0.006 0.271 
  3 Lion_Lion3    (0)    1 :  0.014 0.008 0.037 0.014 0.015 0.534 0.091 0.014 0.005 0.268 
  4 Lion_Lion4    (0)    1 :  0.014 0.008 0.036 0.014 0.016 0.514 0.091 0.014 0.006 0.287 
  5 Lion_Lion5    (0)    1 :  0.014 0.007 0.029 0.014 0.015 0.533 0.093 0.014 0.005 0.276 
  6 Lion_Lion6    (0)    1 :  0.015 0.008 0.029 0.016 0.017 0.520 0.095 0.015 0.004 0.282 
  7 Lion_Lion7    (0)    1 :  0.014 0.008 0.031 0.015 0.016 0.514 0.094 0.015 0.005 0.288 
  8 Lion_Lion8    (0)    1 :  0.014 0.008 0.033 0.015 0.016 0.521 0.094 0.014 0.005 0.280 
  9 Lion_Lion9    (0)    1 :  0.014 0.009 0.037 0.015 0.016 0.536 0.094 0.014 0.006 0.259 
 10 Lion_Lion10    (0)    1 :  0.015 0.007 0.026 0.016 0.017 0.495 0.094 0.016 0.004 0.309 
 11 Lion_Lion11    (0)    1 :  0.014 0.008 0.034 0.015 0.016 0.518 0.093 0.015 0.005 0.283 
 12 Lion_Lion13    (0)    1 :  0.014 0.008 0.033 0.014 0.016 0.505 0.092 0.014 0.005 0.299 
 13 Lion_Lion14    (0)    1 :  0.014 0.007 0.031 0.015 0.016 0.533 0.095 0.015 0.006 0.268 
 14 Lion_Lion15    (0)    1 :  0.015 0.008 0.030 0.016 0.017 0.512 0.095 0.015 0.005 0.287 
 15 Lion_Lion16    (0)    1 :  0.014 0.007 0.029 0.015 0.016 0.513 0.093 0.015 0.004 0.294 
 16 Lion_Lion17    (0)    1 :  0.014 0.007 0.030 0.015 0.017 0.543 0.095 0.015 0.005 0.258 
 17 Lion_Lion18    (0)    1 :  0.013 0.007 0.030 0.014 0.015 0.521 0.091 0.014 0.004 0.291 
 18 Lion_Lion19    (0)    1 :  0.015 0.010 0.036 0.016 0.017 0.514 0.095 0.015 0.005 0.277 
 19 Lion_Lion20    (0)    1 :  0.015 0.008 0.039 0.016 0.017 0.498 0.095 0.016 0.005 0.292 
 20 Lion_Lion21    (0)    1 :  0.014 0.007 0.029 0.015 0.016 0.504 0.093 0.015 0.005 0.301 
 21 Lion_Lion22    (0)    1 :  0.014 0.007 0.027 0.015 0.016 0.539 0.094 0.014 0.004 0.271 
 22 Lion_Lion23    (0)    1 :  0.014 0.007 0.029 0.014 0.016 0.515 0.093 0.014 0.005 0.294 
 23 Lion_Lion24    (0)    1 :  0.014 0.008 0.040 0.015 0.016 0.513 0.094 0.015 0.004 0.279 
 24 Lion_Lion25    (0)    1 :  0.014 0.007 0.036 0.015 0.016 0.518 0.092 0.014 0.005 0.283 
 25 Lion_Lion26    (0)    1 :  0.014 0.007 0.031 0.015 0.016 0.527 0.093 0.014 0.005 0.278 
 26 Lion_Lion27    (0)    1 :  0.014 0.008 0.033 0.014 0.016 0.520 0.091 0.014 0.004 0.285 
 27 Lion_Lion28    (0)    1 :  0.014 0.007 0.032 0.015 0.016 0.532 0.092 0.014 0.005 0.273 
 28 Lion_Lion29    (0)    1 :  0.014 0.007 0.027 0.015 0.016 0.532 0.094 0.015 0.004 0.276 
 29 Lion_Lion30    (0)    1 :  0.015 0.009 0.032 0.016 0.017 0.508 0.095 0.016 0.006 0.287 
 30 Lion_Lion31    (0)    1 :  0.014 0.008 0.031 0.014 0.015 0.536 0.093 0.014 0.004 0.270 
 31 Lion_Lion32    (0)    1 :  0.013 0.007 0.025 0.013 0.014 0.550 0.090 0.013 0.004 0.270 
 32 Lion_Lion33    (0)    1 :  0.014 0.007 0.029 0.014 0.015 0.507 0.091 0.014 0.005 0.303 
 33 Lion_Lion34    (0)    1 :  0.013 0.007 0.028 0.014 0.015 0.526 0.089 0.013 0.006 0.290 
 34 Lion_Lion36    (0)    1 :  0.014 0.008 0.032 0.014 0.015 0.511 0.091 0.014 0.004 0.296 
 35 Lion_Lion38    (0)    1 :  0.014 0.008 0.030 0.014 0.015 0.518 0.091 0.014 0.004 0.292 
 36 Lion_Lion39    (0)    1 :  0.015 0.007 0.030 0.015 0.017 0.516 0.098 0.016 0.004 0.282 
 37 Lion_Lion40    (0)    1 :  0.013 0.008 0.033 0.014 0.015 0.531 0.092 0.014 0.004 0.275 
 38 Lion_Lion41    (0)    1 :  0.015 0.009 0.036 0.016 0.017 0.502 0.093 0.015 0.005 0.292 
 39 Lion_Lion42    (0)    1 :  0.015 0.008 0.032 0.015 0.017 0.506 0.094 0.015 0.004 0.293 
 40 Lion_Lion43    (0)    1 :  0.014 0.007 0.033 0.015 0.016 0.499 0.092 0.014 0.005 0.306 
 41 Lion_Lion44    (0)    1 :  0.015 0.009 0.035 0.016 0.017 0.522 0.095 0.015 0.004 0.271 
 42 Lion_Lion45    (0)    1 :  0.014 0.008 0.035 0.015 0.016 0.534 0.093 0.014 0.006 0.266 
 43 Lion_Lion46    (0)    1 :  0.014 0.008 0.036 0.015 0.016 0.536 0.093 0.014 0.006 0.264 
 44 Lion_Lion47    (0)    1 :  0.014 0.009 0.033 0.015 0.016 0.517 0.093 0.014 0.005 0.283 
 45 Lion_Lion48    (0)    1 :  0.014 0.008 0.033 0.015 0.016 0.508 0.091 0.014 0.004 0.297 
 46 Lion_Lion49    (0)    1 :  0.014 0.008 0.035 0.015 0.016 0.507 0.093 0.015 0.004 0.295 
 47 Lion_Lion50    (0)    1 :  0.015 0.008 0.036 0.016 0.017 0.504 0.096 0.016 0.005 0.288 
 48 Lion_Lion51    (0)    1 :  0.013 0.007 0.029 0.014 0.015 0.529 0.092 0.014 0.004 0.283 
 49 Lion_Lion52    (0)    1 :  0.015 0.008 0.035 0.015 0.017 0.521 0.095 0.015 0.005 0.275 
 50 Lolo_Lolo1    (0)    1 :  0.013 0.008 0.035 0.014 0.015 0.547 0.092 0.013 0.005 0.260 
 51 Lolo_Lolo2    (0)    1 :  0.014 0.008 0.035 0.015 0.016 0.539 0.093 0.014 0.005 0.260 
 52 Lolo_Lolo3    (0)    1 :  0.014 0.008 0.033 0.014 0.016 0.529 0.094 0.014 0.005 0.274 
 53 Lolo_Lolo4    (0)    1 :  0.013 0.007 0.035 0.014 0.015 0.517 0.089 0.014 0.005 0.292 
 54 Lolo_Lolo5    (0)    1 :  0.014 0.007 0.037 0.015 0.016 0.526 0.093 0.015 0.005 0.271 
 55 Lolo_Lolo6    (0)    1 :  0.014 0.008 0.035 0.015 0.016 0.498 0.093 0.015 0.007 0.301 
 56 Lolo_Lolo7    (0)    1 :  0.014 0.007 0.031 0.014 0.015 0.538 0.091 0.014 0.004 0.271 
 57 Lolo_Lolo8    (0)    1 :  0.014 0.008 0.033 0.014 0.016 0.532 0.093 0.014 0.006 0.271 
 58 Lolo_Lolo9    (0)    1 :  0.014 0.007 0.037 0.014 0.016 0.529 0.093 0.014 0.005 0.271 
 59 Manu_Manu1    (0)    1 :  0.014 0.008 0.033 0.015 0.016 0.529 0.092 0.014 0.004 0.275 
 60 Manu_Manu2    (0)    1 :  0.014 0.008 0.037 0.015 0.016 0.514 0.091 0.014 0.005 0.286 
 61 Manu_Manu3    (0)    1 :  0.014 0.008 0.030 0.014 0.016 0.509 0.091 0.014 0.005 0.300 
 62 Manu_Manu4    (0)    1 :  0.014 0.008 0.042 0.015 0.016 0.511 0.093 0.014 0.005 0.284 
 63 Manu_Manu5    (0)    1 :  0.015 0.007 0.034 0.015 0.016 0.498 0.093 0.015 0.007 0.300 
 64 Manu_Manu6    (0)    1 :  0.014 0.008 0.031 0.015 0.016 0.492 0.092 0.015 0.005 0.312 
 65 Manu_Manu7    (0)    1 :  0.015 0.007 0.029 0.015 0.016 0.520 0.094 0.015 0.005 0.283 
 66 Manu_Manu8    (0)    1 :  0.014 0.007 0.031 0.015 0.016 0.511 0.093 0.014 0.004 0.293 
 67 Manu_Manu9    (0)    1 :  0.015 0.009 0.037 0.016 0.017 0.512 0.096 0.015 0.006 0.276 
 68 Manu_Manu10    (0)    1 :  0.015 0.008 0.030 0.016 0.017 0.502 0.093 0.015 0.006 0.298 
 69 Manu_Manu11    (0)    1 :  0.014 0.008 0.031 0.015 0.016 0.511 0.094 0.015 0.005 0.292 
 70 Manu_Manu13    (0)    1 :  0.013 0.009 0.044 0.014 0.016 0.531 0.092 0.014 0.005 0.263 
 71 Manu_Manu14    (0)    1 :  0.014 0.007 0.028 0.014 0.015 0.501 0.090 0.014 0.004 0.313 
 72 Manu_Manu15    (0)    1 :  0.013 0.007 0.028 0.014 0.015 0.532 0.091 0.013 0.004 0.282 
 73   Go_Go1    (0)    2 :  0.102 0.100 0.097 0.030 0.020 0.003 0.078 0.148 0.007 0.415 
 74   Go_Go2    (0)    2 :  0.098 0.115 0.089 0.029 0.020 0.002 0.076 0.141 0.008 0.423 
 75   Go_Go3    (0)    2 :  0.102 0.101 0.092 0.030 0.020 0.002 0.079 0.149 0.007 0.416 
 76   Go_Go4    (0)    2 :  0.101 0.100 0.089 0.031 0.020 0.002 0.078 0.148 0.006 0.425 
 77   Go_Go5    (0)    2 :  0.102 0.101 0.094 0.030 0.020 0.002 0.078 0.148 0.007 0.417 
 78   Go_Go6    (0)    2 :  0.101 0.103 0.084 0.030 0.020 0.002 0.078 0.147 0.006 0.427 
 79   Go_Go7    (0)    2 :  0.101 0.110 0.089 0.030 0.020 0.002 0.078 0.146 0.007 0.416 
 80   Go_Go8    (0)    2 :  0.101 0.106 0.087 0.030 0.020 0.003 0.078 0.147 0.006 0.423 
 81   Go_Go9    (0)    2 :  0.103 0.095 0.090 0.031 0.020 0.003 0.079 0.149 0.008 0.422 
 82  Go_Go10    (0)    2 :  0.102 0.105 0.087 0.031 0.020 0.002 0.079 0.149 0.007 0.418 
 83  Go_Go11    (0)    2 :  0.100 0.106 0.089 0.030 0.020 0.002 0.077 0.146 0.006 0.423 
 84  Go_Go12    (0)    2 :  0.100 0.103 0.092 0.030 0.020 0.003 0.077 0.146 0.007 0.423 
 85  Go_Go13    (0)    2 :  0.102 0.096 0.086 0.031 0.020 0.002 0.078 0.148 0.007 0.429 
 86  Go_Go14    (0)    2 :  0.100 0.109 0.087 0.030 0.020 0.002 0.077 0.145 0.008 0.421 
 87  Go_Go15    (0)    2 :  0.100 0.101 0.092 0.030 0.020 0.002 0.077 0.146 0.007 0.425 
 88  Go_Go16    (0)    2 :  0.102 0.098 0.090 0.031 0.021 0.003 0.079 0.149 0.007 0.422 
 89  Go_Go17    (0)    2 :  0.098 0.100 0.093 0.029 0.019 0.002 0.076 0.143 0.007 0.432 
 90  Go_Go18    (0)    2 :  0.100 0.100 0.098 0.030 0.020 0.002 0.077 0.145 0.007 0.420 
 91  Go_Go19    (0)    2 :  0.099 0.105 0.100 0.029 0.020 0.002 0.076 0.144 0.008 0.418 
 92  Go_Go20    (0)    2 :  0.101 0.101 0.092 0.030 0.020 0.002 0.078 0.147 0.006 0.422 
 93  Go_Go21    (0)    2 :  0.100 0.097 0.092 0.030 0.020 0.002 0.077 0.145 0.007 0.431 
 94  Go_Go22    (0)    2 :  0.099 0.101 0.088 0.030 0.020 0.003 0.077 0.144 0.006 0.433 
 95  Go_Go23    (0)    2 :  0.099 0.107 0.098 0.030 0.020 0.002 0.076 0.144 0.007 0.418 
 96  Go_Go24    (0)    2 :  0.101 0.101 0.089 0.030 0.020 0.002 0.078 0.147 0.007 0.426 
 97  Go_Go25    (0)    2 :  0.099 0.110 0.094 0.030 0.020 0.002 0.077 0.144 0.007 0.417 
 98  Go_Go27    (0)    2 :  0.101 0.105 0.093 0.030 0.020 0.002 0.077 0.146 0.009 0.417 
 99  Go_Go28    (0)    2 :  0.102 0.101 0.095 0.031 0.020 0.002 0.078 0.149 0.008 0.413 
100  Go_Go29    (0)    2 :  0.099 0.106 0.108 0.029 0.020 0.002 0.076 0.144 0.008 0.408 
101  Go_Go30    (0)    2 :  0.101 0.092 0.083 0.029 0.020 0.002 0.077 0.146 0.007 0.443 
102  Go_Go31    (0)    2 :  0.098 0.113 0.094 0.029 0.019 0.002 0.076 0.142 0.006 0.421 
103  Go_Go32    (0)    2 :  0.102 0.110 0.092 0.030 0.020 0.002 0.079 0.148 0.008 0.408 
104  Go_Go33    (0)    2 :  0.101 0.096 0.085 0.030 0.020 0.002 0.078 0.146 0.007 0.434 
105  Go_Go34    (0)    2 :  0.099 0.102 0.098 0.029 0.020 0.002 0.076 0.144 0.006 0.424 
106  Go_Go35    (0)    2 :  0.100 0.108 0.093 0.030 0.020 0.002 0.077 0.146 0.007 0.416 
107  Go_Go36    (0)    2 :  0.101 0.113 0.088 0.031 0.020 0.002 0.078 0.147 0.006 0.414 
108  Go_Go37    (0)    2 :  0.104 0.103 0.089 0.031 0.021 0.002 0.080 0.150 0.007 0.413 
109  Go_Go38    (0)    2 :  0.103 0.097 0.082 0.031 0.020 0.002 0.079 0.149 0.006 0.431 
110  Go_Go39    (0)    2 :  0.100 0.100 0.110 0.030 0.020 0.002 0.077 0.146 0.006 0.408 
111  Go_Go40    (0)    2 :  0.100 0.101 0.096 0.030 0.020 0.002 0.077 0.146 0.006 0.421 
112  Go_Go41    (0)    2 :  0.099 0.118 0.085 0.030 0.020 0.002 0.077 0.144 0.006 0.418 
113  Go_Go42    (0)    2 :  0.099 0.124 0.098 0.030 0.020 0.002 0.077 0.144 0.008 0.398 
114  Go_Go43    (0)    2 :  0.098 0.106 0.104 0.029 0.020 0.002 0.076 0.143 0.007 0.414 
115  Go_Go44    (0)    2 :  0.101 0.102 0.090 0.030 0.020 0.002 0.078 0.147 0.008 0.421 
116  Go_Go45    (0)    2 :  0.102 0.102 0.088 0.031 0.020 0.002 0.079 0.149 0.006 0.421 
117  Go_Go46    (0)    2 :  0.102 0.108 0.087 0.031 0.020 0.003 0.079 0.149 0.007 0.414 
118  Go_Go47    (0)    2 :  0.103 0.098 0.094 0.031 0.021 0.002 0.079 0.151 0.007 0.413 
119  Go_Go48    (0)    2 :  0.101 0.099 0.087 0.030 0.020 0.002 0.078 0.147 0.006 0.431 
120  Go_Go49    (0)    2 :  0.103 0.102 0.088 0.031 0.020 0.003 0.080 0.150 0.007 0.417 
121  Go_Go50    (0)    2 :  0.100 0.097 0.093 0.030 0.020 0.003 0.077 0.146 0.007 0.428 
122  Go_Go51    (0)    2 :  0.101 0.090 0.078 0.030 0.020 0.002 0.077 0.147 0.007 0.448 
123  Go_Go52    (0)    2 :  0.103 0.097 0.088 0.030 0.020 0.002 0.078 0.148 0.007 0.426 
124  Go_Go53    (0)    2 :  0.101 0.100 0.088 0.030 0.020 0.002 0.077 0.146 0.007 0.430 
125  Go_Go54    (0)    2 :  0.100 0.098 0.086 0.029 0.020 0.002 0.077 0.145 0.007 0.436 
126  Go_Go55    (0)    2 :  0.102 0.097 0.081 0.030 0.020 0.002 0.078 0.148 0.006 0.434 
127  Go_Go56    (0)    2 :  0.099 0.107 0.087 0.030 0.020 0.002 0.076 0.145 0.007 0.427 
128 Hie_Hie2    (0)    2 :  0.108 0.094 0.087 0.031 0.021 0.002 0.083 0.158 0.007 0.408 
129 Hie_Hie3    (0)    2 :  0.101 0.107 0.091 0.030 0.020 0.002 0.077 0.146 0.008 0.419 
130 Hie_Hie4    (0)    2 :  0.099 0.113 0.094 0.029 0.020 0.002 0.076 0.144 0.007 0.416 
131 Hie_Hie5    (0)    2 :  0.098 0.100 0.090 0.029 0.019 0.002 0.075 0.142 0.006 0.439 
132 Hie_Hie6    (0)    2 :  0.100 0.101 0.093 0.030 0.020 0.003 0.077 0.146 0.007 0.423 
133 Hie_Hie7    (0)    2 :  0.098 0.101 0.097 0.029 0.019 0.002 0.076 0.142 0.007 0.427 
134 Hie_Hie8    (0)    2 :  0.102 0.108 0.090 0.030 0.020 0.002 0.078 0.148 0.007 0.414 
135 Hie_Hie9    (0)    2 :  0.100 0.096 0.095 0.030 0.020 0.003 0.078 0.146 0.007 0.425 
136 Hie_Hie11    (0)    2 :  0.098 0.111 0.100 0.030 0.020 0.002 0.076 0.143 0.007 0.412 
137 Hie_Hie12    (0)    2 :  0.098 0.105 0.083 0.029 0.020 0.002 0.076 0.142 0.007 0.437 
138 Hie_Hie13    (0)    2 :  0.101 0.101 0.091 0.030 0.020 0.002 0.078 0.148 0.006 0.423 
139 Hie_Hie14    (0)    2 :  0.103 0.097 0.084 0.031 0.020 0.002 0.079 0.149 0.006 0.428 
140 Hie_Hie15    (0)    2 :  0.101 0.101 0.093 0.030 0.020 0.002 0.078 0.147 0.007 0.421 
141 Hie_Hie16    (0)    2 :  0.099 0.094 0.084 0.029 0.019 0.002 0.076 0.143 0.006 0.447 
142 Hie_Hie17    (0)    2 :  0.099 0.105 0.115 0.029 0.020 0.002 0.076 0.144 0.008 0.404 
143 Hie_Hie18    (0)    2 :  0.102 0.095 0.092 0.030 0.020 0.002 0.078 0.148 0.006 0.426 
144 Hie_Hie19    (0)    2 :  0.102 0.109 0.097 0.030 0.020 0.002 0.078 0.149 0.007 0.406 
145 Hie_Hie20    (0)    2 :  0.102 0.100 0.093 0.031 0.020 0.002 0.078 0.149 0.008 0.416 
146 Hie_Hie21    (0)    2 :  0.101 0.114 0.087 0.031 0.020 0.002 0.078 0.147 0.007 0.412 
147 Hie_Hie22    (0)    2 :  0.100 0.103 0.089 0.030 0.020 0.002 0.077 0.145 0.007 0.428 
148 Hie_Hie23    (0)    2 :  0.103 0.093 0.087 0.030 0.020 0.002 0.078 0.149 0.006 0.432 
149 Hie_Hie24    (0)    2 :  0.100 0.101 0.088 0.030 0.020 0.002 0.077 0.146 0.007 0.429 
150 Hie_Hie25    (0)    2 :  0.097 0.101 0.098 0.029 0.019 0.002 0.075 0.141 0.007 0.432 
151 Hie_Hie26    (0)    2 :  0.101 0.098 0.082 0.030 0.020 0.002 0.077 0.146 0.006 0.436 
152 Hie_Hie27    (0)    2 :  0.102 0.105 0.091 0.031 0.020 0.003 0.079 0.149 0.007 0.414 
153 Hie_Hie28    (0)    2 :  0.101 0.101 0.092 0.030 0.020 0.002 0.078 0.147 0.008 0.421 
154 Hie_Hie29    (0)    2 :  0.101 0.105 0.092 0.030 0.020 0.002 0.077 0.146 0.009 0.418 
155 Hie_Hie30    (0)    2 :  0.102 0.100 0.084 0.031 0.020 0.002 0.079 0.149 0.007 0.424 
156 Hie_Hie31    (0)    2 :  0.098 0.096 0.091 0.029 0.019 0.002 0.076 0.143 0.007 0.438 
157 Hie_Hie32    (0)    2 :  0.101 0.098 0.085 0.030 0.020 0.002 0.078 0.146 0.007 0.432 
158 Hie_Hie33    (0)    2 :  0.099 0.106 0.090 0.030 0.020 0.002 0.077 0.144 0.007 0.426 
159 Hie_Hie34    (0)    2 :  0.100 0.100 0.096 0.030 0.020 0.002 0.077 0.146 0.007 0.421 
160 Hie_Hie35    (0)    2 :  0.100 0.109 0.086 0.030 0.020 0.002 0.077 0.145 0.007 0.425 
161 Hie_Hie36    (0)    2 :  0.098 0.107 0.086 0.029 0.019 0.002 0.076 0.142 0.007 0.434 
162 Hie_Hie37    (0)    2 :  0.099 0.099 0.093 0.030 0.020 0.002 0.077 0.144 0.007 0.430 
163 Hie_Hie38    (0)    2 :  0.100 0.103 0.084 0.030 0.020 0.002 0.077 0.145 0.008 0.431 
164 Hie_Hie39    (0)    2 :  0.101 0.101 0.094 0.030 0.020 0.003 0.078 0.148 0.007 0.419 
165 Hie_Hie40    (0)    2 :  0.100 0.097 0.092 0.030 0.020 0.002 0.077 0.146 0.007 0.430 
166 Hie_Hie41    (0)    2 :  0.103 0.099 0.086 0.031 0.021 0.003 0.079 0.150 0.007 0.420 
167 Hie_Hie42    (0)    2 :  0.100 0.112 0.107 0.030 0.020 0.003 0.078 0.146 0.009 0.394 
168 Hie_Hie43    (0)    2 :  0.102 0.103 0.095 0.031 0.020 0.002 0.078 0.149 0.009 0.410 
169 Hie_Hie44    (0)    2 :  0.103 0.104 0.081 0.032 0.021 0.002 0.079 0.150 0.006 0.422 
170 Hie_Hie45    (0)    2 :  0.097 0.114 0.099 0.029 0.019 0.002 0.075 0.142 0.007 0.415 
171 Hie_Hie46    (0)    2 :  0.099 0.103 0.089 0.029 0.020 0.002 0.076 0.144 0.007 0.430 
172 Hie_Hie47    (0)    2 :  0.101 0.101 0.084 0.030 0.020 0.002 0.078 0.147 0.006 0.430 
173 Hie_Hie48    (0)    2 :  0.099 0.102 0.092 0.030 0.020 0.002 0.077 0.144 0.007 0.427 
174 Hie_Hie49    (0)    2 :  0.104 0.090 0.092 0.031 0.020 0.002 0.080 0.151 0.006 0.423 
175 Lar_Lar1    (0)    2 :  0.101 0.098 0.084 0.030 0.020 0.003 0.078 0.146 0.006 0.434 
176 Lar_Lar2    (0)    2 :  0.102 0.096 0.086 0.031 0.020 0.002 0.078 0.148 0.007 0.430 
177 Lar_Lar3    (0)    2 :  0.098 0.110 0.093 0.029 0.020 0.002 0.076 0.143 0.008 0.421 
178 Lar_Lar4    (0)    2 :  0.099 0.104 0.092 0.029 0.019 0.002 0.076 0.143 0.007 0.428 
179 Lar_Lar5    (0)    2 :  0.099 0.099 0.092 0.030 0.020 0.002 0.077 0.145 0.007 0.430 
180 Lar_Lar6    (0)    2 :  0.102 0.098 0.086 0.031 0.020 0.002 0.079 0.149 0.007 0.427 
181 Lar_Lar7    (0)    2 :  0.101 0.107 0.102 0.030 0.020 0.002 0.077 0.147 0.007 0.407 
182 Lar_Lar8    (0)    2 :  0.098 0.101 0.101 0.029 0.019 0.002 0.075 0.142 0.006 0.426 
183 Lar_Lar10    (0)    2 :  0.101 0.105 0.090 0.030 0.020 0.002 0.078 0.146 0.007 0.420 
184 Lar_Lar11    (0)    2 :  0.101 0.097 0.093 0.030 0.020 0.002 0.078 0.147 0.008 0.424 
185 Lar_Lar12    (0)    2 :  0.101 0.102 0.100 0.030 0.020 0.002 0.078 0.147 0.007 0.412 
186 Lar_Lar14    (0)    2 :  0.103 0.102 0.088 0.031 0.021 0.002 0.080 0.151 0.006 0.414 
187 Lar_Lar15    (0)    2 :  0.100 0.097 0.091 0.030 0.020 0.002 0.077 0.145 0.007 0.431 
188 Lar_Lar16    (0)    2 :  0.098 0.096 0.092 0.029 0.019 0.002 0.075 0.143 0.007 0.439 
189 Lar_Lar17    (0)    2 :  0.101 0.105 0.102 0.031 0.020 0.002 0.078 0.148 0.006 0.407 
190 Lar_Lar18    (0)    2 :  0.100 0.107 0.089 0.030 0.020 0.002 0.077 0.146 0.007 0.422 
191 Lar_Lar19    (0)    2 :  0.099 0.100 0.090 0.030 0.020 0.002 0.076 0.144 0.007 0.433 
192 Lar_Lar20    (0)    2 :  0.101 0.099 0.104 0.030 0.020 0.002 0.078 0.148 0.008 0.409 
193 Lar_Lar21    (0)    2 :  0.101 0.098 0.079 0.030 0.020 0.002 0.077 0.146 0.006 0.442 
194 Lar_Lar22    (0)    2 :  0.102 0.102 0.093 0.030 0.020 0.002 0.079 0.148 0.007 0.418 
195 Lar_Lar23    (0)    2 :  0.098 0.096 0.086 0.029 0.019 0.002 0.076 0.143 0.007 0.443 
196 Lar_Lar24    (0)    2 :  0.099 0.098 0.098 0.029 0.020 0.002 0.076 0.144 0.007 0.428 
197 Lar_Lar25    (0)    2 :  0.102 0.102 0.090 0.031 0.020 0.002 0.079 0.149 0.008 0.416 
198 Lar_Lar26    (0)    2 :  0.101 0.102 0.091 0.030 0.020 0.002 0.078 0.147 0.007 0.422 
199 Lar_Lar27    (0)    2 :  0.100 0.095 0.101 0.030 0.020 0.003 0.077 0.145 0.006 0.423 
200 Lar_Lar28    (0)    2 :  0.099 0.097 0.087 0.029 0.019 0.002 0.076 0.143 0.008 0.440 
201 Lar_Lar29    (0)    2 :  0.102 0.100 0.083 0.031 0.020 0.002 0.079 0.149 0.007 0.427 
202 Lar_Lar30    (0)    2 :  0.099 0.109 0.090 0.030 0.020 0.003 0.077 0.144 0.007 0.422 
203 Lar_Lar31    (0)    2 :  0.102 0.100 0.090 0.031 0.020 0.002 0.079 0.149 0.007 0.420 
204 Lar_Lar32    (0)    2 :  0.099 0.111 0.093 0.030 0.020 0.002 0.076 0.144 0.007 0.419 
205 Lar_Lar33    (0)    2 :  0.098 0.104 0.094 0.029 0.019 0.002 0.075 0.141 0.008 0.430 
206 Lar_Lar34    (0)    2 :  0.098 0.104 0.101 0.029 0.019 0.002 0.075 0.142 0.006 0.424 
207 Lar_Lar35    (0)    2 :  0.101 0.103 0.084 0.030 0.020 0.002 0.077 0.146 0.006 0.430 
208 Lar_Lar36    (0)    2 :  0.101 0.100 0.097 0.030 0.020 0.002 0.078 0.148 0.010 0.414 
209 Lar_Lar37    (0)    2 :  0.102 0.097 0.091 0.030 0.020 0.002 0.079 0.149 0.007 0.422 
210 Lar_Lar38    (0)    2 :  0.102 0.099 0.086 0.030 0.020 0.002 0.079 0.149 0.006 0.425 
211 Lar_Lar39    (0)    2 :  0.104 0.103 0.094 0.031 0.021 0.003 0.080 0.151 0.007 0.407 
212 Lar_Lar40    (0)    2 :  0.098 0.109 0.087 0.029 0.019 0.002 0.076 0.142 0.007 0.430 
213 Lar_Lar41    (0)    2 :  0.101 0.095 0.082 0.030 0.020 0.002 0.077 0.146 0.006 0.440 
214 Lar_Lar42    (0)    2 :  0.099 0.095 0.090 0.029 0.019 0.002 0.076 0.143 0.007 0.438 
215 Lar_Lar43    (0)    2 :  0.098 0.111 0.106 0.029 0.020 0.002 0.076 0.143 0.008 0.406 
216 Lar_Lar44    (0)    2 :  0.103 0.099 0.097 0.031 0.021 0.003 0.079 0.150 0.007 0.412 
217 Lar_Lar45    (0)    2 :  0.101 0.102 0.091 0.030 0.020 0.002 0.078 0.147 0.006 0.423 
218 Lar_Lar46    (0)    2 :  0.097 0.096 0.082 0.029 0.019 0.002 0.075 0.140 0.006 0.455 
219 Lar_Lar47    (0)    2 :  0.102 0.103 0.085 0.031 0.020 0.002 0.079 0.150 0.007 0.421 
220 Lar_Lar48    (0)    2 :  0.100 0.113 0.088 0.030 0.020 0.002 0.077 0.145 0.006 0.419 
221 Lar_Lar49    (0)    2 :  0.100 0.098 0.099 0.030 0.020 0.002 0.077 0.146 0.008 0.420 
222 Lar_Lar50    (0)    2 :  0.101 0.095 0.085 0.030 0.020 0.002 0.078 0.147 0.006 0.434 
223 Lar_Lar51    (0)    2 :  0.099 0.104 0.094 0.030 0.020 0.002 0.076 0.143 0.007 0.426 
224 Lar_Lar52    (0)    2 :  0.102 0.092 0.093 0.030 0.020 0.002 0.078 0.148 0.006 0.429 
225 Lar_Lar53    (0)    2 :  0.101 0.091 0.081 0.030 0.020 0.002 0.078 0.147 0.006 0.444 
226 Mara_Mara1    (0)    2 :  0.103 0.098 0.086 0.031 0.020 0.002 0.079 0.149 0.007 0.424 
227 Mara_Mara2    (0)    2 :  0.102 0.098 0.088 0.030 0.020 0.002 0.078 0.148 0.006 0.428 
228 Mara_Mara3    (0)    2 :  0.098 0.106 0.088 0.029 0.019 0.002 0.076 0.142 0.006 0.433 
229 Mara_Mara4    (0)    2 :  0.102 0.097 0.090 0.030 0.020 0.002 0.079 0.149 0.008 0.421 
230 Mara_Mara5    (0)    2 :  0.102 0.097 0.086 0.030 0.020 0.002 0.078 0.148 0.006 0.430 
231 Mara_Mara6    (0)    2 :  0.103 0.097 0.089 0.031 0.020 0.002 0.079 0.150 0.007 0.422 
232 Mara_Mara7    (0)    2 :  0.104 0.100 0.088 0.031 0.021 0.003 0.080 0.151 0.007 0.417 
233 Mara_Mara8    (0)    2 :  0.098 0.102 0.096 0.029 0.019 0.002 0.075 0.142 0.006 0.429 
234 Mara_Mara9    (0)    2 :  0.098 0.101 0.084 0.029 0.019 0.003 0.076 0.143 0.006 0.442 
235 Mara_Mara1_    (0)    2 :  0.100 0.117 0.092 0.030 0.020 0.002 0.078 0.146 0.009 0.406 
236 Mara_Mara1_    (0)    2 :  0.102 0.102 0.095 0.030 0.020 0.002 0.078 0.148 0.008 0.416 
237 Mara_Mara1_    (0)    2 :  0.101 0.101 0.093 0.030 0.020 0.002 0.078 0.147 0.007 0.422 
238 Mara_Mara1_    (0)    2 :  0.105 0.097 0.086 0.031 0.021 0.002 0.080 0.152 0.007 0.420 
239 Mara_Mara1_    (0)    2 :  0.102 0.101 0.090 0.031 0.020 0.002 0.079 0.149 0.010 0.416 
240 Mara_Mara1_    (0)    2 :  0.100 0.101 0.096 0.030 0.020 0.002 0.077 0.146 0.007 0.421 
241 Mara_Mara1_    (0)    2 :  0.102 0.103 0.096 0.030 0.020 0.002 0.079 0.148 0.007 0.413 
242 Mara_Mara1_    (0)    2 :  0.101 0.106 0.090 0.030 0.020 0.002 0.079 0.147 0.007 0.417 
243 Mara_Mara1_    (0)    2 :  0.099 0.098 0.092 0.029 0.019 0.002 0.076 0.143 0.007 0.434 
244 Mara_Mara1_    (0)    2 :  0.100 0.098 0.095 0.030 0.020 0.002 0.077 0.145 0.007 0.428 
245 Mara_Mara2_    (0)    2 :  0.100 0.106 0.092 0.030 0.020 0.002 0.077 0.145 0.007 0.422 
246 Mara_Mara2_    (0)    2 :  0.101 0.103 0.096 0.030 0.020 0.002 0.078 0.148 0.008 0.413 
247 Mara_Mara2_    (0)    2 :  0.100 0.095 0.086 0.030 0.020 0.002 0.077 0.145 0.006 0.439 
248 Mara_Mara2_    (0)    2 :  0.101 0.098 0.087 0.030 0.020 0.002 0.078 0.147 0.007 0.430 
249 Mara_Mara2_    (0)    2 :  0.098 0.103 0.084 0.029 0.019 0.002 0.075 0.142 0.007 0.441 
250 Mara_Mara2_    (0)    2 :  0.099 0.104 0.098 0.029 0.020 0.002 0.076 0.144 0.006 0.422 
251 Mara_Mara2_    (0)    2 :  0.104 0.096 0.087 0.031 0.020 0.002 0.079 0.151 0.006 0.423 
252 Mara_Mara2_    (0)    2 :  0.102 0.101 0.093 0.030 0.020 0.002 0.079 0.149 0.007 0.417 
253 Mara_Mara2_    (0)    2 :  0.100 0.096 0.091 0.030 0.020 0.003 0.077 0.145 0.009 0.430 
254 Mara_Mara2_    (0)    2 :  0.102 0.103 0.099 0.030 0.020 0.002 0.078 0.148 0.008 0.407 
255 Mara_Mara3_    (0)    2 :  0.104 0.101 0.098 0.031 0.021 0.003 0.080 0.153 0.010 0.399 
256 Mara_Mara3_    (0)    2 :  0.101 0.100 0.105 0.030 0.020 0.003 0.078 0.147 0.007 0.409 
257 Mara_Mara3_    (0)    2 :  0.103 0.096 0.090 0.030 0.020 0.002 0.078 0.149 0.006 0.425 
258 Mara_Mara3_    (0)    2 :  0.102 0.098 0.094 0.030 0.020 0.002 0.077 0.147 0.007 0.423 
259 Mara_Mara3_    (0)    2 :  0.100 0.103 0.091 0.030 0.020 0.002 0.076 0.145 0.008 0.424 
260 Mara_Mara3_    (0)    2 :  0.101 0.108 0.088 0.030 0.020 0.002 0.078 0.146 0.008 0.419 
261 Mara_Mara3_    (0)    2 :  0.099 0.099 0.095 0.029 0.020 0.002 0.076 0.144 0.007 0.428 
262 Mara_Mara3_    (0)    2 :  0.101 0.103 0.093 0.030 0.020 0.002 0.077 0.146 0.006 0.422 
263 Mara_Mara3_    (0)    2 :  0.098 0.093 0.091 0.028 0.019 0.002 0.075 0.141 0.006 0.447 
264 Mara_Mara3_    (0)    2 :  0.098 0.101 0.096 0.029 0.019 0.002 0.075 0.142 0.007 0.430 
265 Mara_Mara4_    (0)    2 :  0.099 0.110 0.104 0.030 0.020 0.002 0.077 0.144 0.007 0.408 
266 Mara_Mara4_    (0)    2 :  0.101 0.100 0.085 0.030 0.020 0.003 0.078 0.147 0.007 0.431 
267 Mara_Mara4_    (0)    2 :  0.099 0.104 0.091 0.029 0.020 0.002 0.077 0.145 0.006 0.426 
268 Mara_Mara4_    (0)    2 :  0.100 0.097 0.088 0.030 0.020 0.002 0.077 0.145 0.007 0.434 
269 Mara_Mara4_    (0)    2 :  0.100 0.098 0.091 0.029 0.020 0.002 0.077 0.144 0.006 0.433 
270 Mara_Mara4_    (0)    2 :  0.103 0.101 0.084 0.031 0.021 0.002 0.079 0.149 0.006 0.424 
271 Mara_Mara4_    (0)    2 :  0.099 0.102 0.099 0.029 0.019 0.002 0.076 0.143 0.006 0.424 
272 Mara_Mara4_    (0)    2 :  0.099 0.107 0.089 0.029 0.020 0.002 0.076 0.143 0.006 0.427 
273 Mara_Mara4_    (0)    2 :  0.102 0.095 0.083 0.030 0.020 0.002 0.078 0.148 0.008 0.434 
274 Mara_Mara4_    (0)    2 :  0.100 0.100 0.088 0.030 0.020 0.002 0.077 0.145 0.006 0.432 
275 Mara_Mara5_    (0)    2 :  0.099 0.102 0.088 0.029 0.019 0.002 0.076 0.143 0.007 0.435 
276 Mara_Mara5_    (0)    2 :  0.102 0.095 0.088 0.030 0.020 0.002 0.079 0.148 0.007 0.428 
277 Mara_Mara5_    (0)    2 :  0.101 0.101 0.103 0.030 0.020 0.002 0.078 0.147 0.008 0.410 
278 MBO_MBO1    (0)    2 :  0.101 0.110 0.095 0.031 0.020 0.003 0.078 0.147 0.006 0.409 
279 MBO_MBO2    (0)    2 :  0.099 0.101 0.105 0.029 0.020 0.002 0.076 0.144 0.007 0.417 
280 MBO_MBO3    (0)    2 :  0.099 0.099 0.087 0.030 0.020 0.002 0.077 0.145 0.006 0.435 
281 MBO_MBO4    (0)    2 :  0.098 0.097 0.100 0.029 0.019 0.003 0.075 0.143 0.007 0.429 
282 MBO_MBO6    (0)    2 :  0.100 0.103 0.096 0.030 0.020 0.002 0.077 0.145 0.006 0.421 
283 MBO_MBO7    (0)    2 :  0.101 0.094 0.083 0.030 0.020 0.002 0.077 0.145 0.007 0.441 
284 MBO_MBO8    (0)    2 :  0.101 0.110 0.100 0.030 0.020 0.002 0.078 0.147 0.007 0.406 
285 MBO_MBO9    (0)    2 :  0.099 0.114 0.096 0.030 0.020 0.002 0.077 0.144 0.007 0.410 
286 MBO_MBO10    (0)    2 :  0.101 0.100 0.093 0.030 0.020 0.002 0.078 0.148 0.007 0.420 
287 MBO_MBO11    (0)    2 :  0.106 0.092 0.090 0.032 0.021 0.002 0.081 0.155 0.007 0.414 
288 MBO_MBO12    (0)    2 :  0.105 0.093 0.085 0.032 0.021 0.002 0.081 0.154 0.007 0.421 
289 MBO_MBO13    (0)    2 :  0.103 0.099 0.087 0.031 0.020 0.002 0.079 0.149 0.006 0.423 
290 MBO_MBO14    (0)    2 :  0.099 0.095 0.091 0.029 0.019 0.002 0.076 0.143 0.007 0.438 
291 MBO_MBO15    (0)    2 :  0.100 0.106 0.095 0.030 0.020 0.002 0.077 0.145 0.007 0.418 
292 MBO_MBO16    (0)    2 :  0.103 0.102 0.088 0.030 0.020 0.002 0.078 0.149 0.006 0.422 
293 MBO_MBO17    (0)    2 :  0.101 0.109 0.085 0.030 0.020 0.002 0.078 0.147 0.007 0.421 
294 MBO_MBO18    (0)    2 :  0.101 0.104 0.101 0.030 0.020 0.003 0.078 0.147 0.007 0.409 
295 MBO_MBO19    (0)    2 :  0.102 0.107 0.090 0.031 0.020 0.002 0.079 0.150 0.007 0.411 
296 MBO_MBO20    (0)    2 :  0.100 0.096 0.093 0.030 0.020 0.002 0.077 0.145 0.008 0.429 
297 MBO_MBO21    (0)    2 :  0.101 0.097 0.089 0.030 0.020 0.002 0.078 0.148 0.007 0.429 
298 MBO_MBO22    (0)    2 :  0.101 0.098 0.088 0.030 0.020 0.002 0.078 0.146 0.007 0.430 
299 MBO_MBO23    (0)    2 :  0.099 0.097 0.093 0.029 0.019 0.002 0.076 0.144 0.007 0.433 
300 MBO_MBO24    (0)    2 :  0.102 0.096 0.086 0.030 0.020 0.002 0.077 0.148 0.007 0.432 
301 MBO_MBO25    (0)    2 :  0.101 0.102 0.085 0.030 0.020 0.002 0.077 0.146 0.007 0.430 
302 MBO_MBO26    (0)    2 :  0.101 0.093 0.096 0.030 0.020 0.002 0.078 0.147 0.006 0.427 
303 MBO_MBO27    (0)    2 :  0.100 0.101 0.091 0.030 0.020 0.003 0.077 0.145 0.007 0.427 
304 MBO_MBO28    (0)    2 :  0.102 0.098 0.088 0.031 0.020 0.002 0.078 0.149 0.008 0.423 
305 MBO_MBO29    (0)    2 :  0.102 0.100 0.091 0.030 0.020 0.002 0.079 0.149 0.008 0.418 
306 MBO_MBO30    (0)    2 :  0.100 0.098 0.087 0.030 0.020 0.003 0.077 0.145 0.007 0.433 
307 MBO_MBO31    (0)    2 :  0.101 0.101 0.100 0.030 0.020 0.003 0.078 0.148 0.006 0.413 
308 MBO_MBO32    (0)    2 :  0.103 0.098 0.086 0.031 0.020 0.002 0.079 0.150 0.007 0.424 
309 MBO_MBO33    (0)    2 :  0.102 0.111 0.090 0.031 0.020 0.002 0.079 0.149 0.007 0.408 
310 MBO_MBO34    (0)    2 :  0.098 0.102 0.087 0.029 0.019 0.002 0.076 0.143 0.007 0.436 
311 MBO_MBO35    (0)    2 :  0.105 0.098 0.086 0.031 0.021 0.003 0.081 0.155 0.006 0.414 
312 MBO_MBO36    (0)    2 :  0.104 0.098 0.088 0.031 0.021 0.003 0.080 0.151 0.008 0.417 
313 MBO_MBO37    (0)    2 :  0.099 0.102 0.098 0.030 0.020 0.002 0.077 0.144 0.007 0.422 
314 MBO_MBO38    (0)    2 :  0.101 0.112 0.091 0.030 0.020 0.002 0.078 0.147 0.007 0.412 
315 MBO_MBO39    (0)    2 :  0.099 0.095 0.086 0.029 0.019 0.002 0.076 0.144 0.006 0.442 
316 MBO_MBO40    (0)    2 :  0.098 0.097 0.096 0.029 0.019 0.002 0.076 0.143 0.007 0.434 
317 MBO_MBO41    (0)    2 :  0.099 0.112 0.095 0.030 0.020 0.002 0.076 0.144 0.006 0.416 
318 MBO_MBO42    (0)    2 :  0.101 0.102 0.091 0.030 0.020 0.002 0.077 0.146 0.007 0.424 
319 MBO_MBO43    (0)    2 :  0.103 0.096 0.081 0.031 0.020 0.003 0.080 0.151 0.006 0.428 
320 MBO_MBO44    (0)    2 :  0.101 0.102 0.092 0.030 0.020 0.003 0.078 0.148 0.007 0.419 
321 MBO_MBO45    (0)    2 :  0.100 0.108 0.095 0.030 0.020 0.002 0.077 0.145 0.007 0.417 
322 MBO_MBO46    (0)    2 :  0.101 0.104 0.091 0.030 0.020 0.002 0.078 0.147 0.007 0.420 
323 MBO_MBO47    (0)    2 :  0.102 0.098 0.095 0.030 0.020 0.002 0.078 0.149 0.006 0.418 
324 MBO_MBO48    (0)    2 :  0.101 0.098 0.090 0.030 0.020 0.002 0.078 0.147 0.006 0.428 
325 MBO_MBO49    (0)    2 :  0.103 0.103 0.091 0.031 0.021 0.002 0.080 0.151 0.007 0.413 
326 MBO_MBO50    (0)    2 :  0.102 0.097 0.087 0.030 0.020 0.002 0.078 0.148 0.007 0.430 
327 MBO_MBO51    (0)    2 :  0.103 0.096 0.083 0.030 0.020 0.002 0.079 0.149 0.007 0.430 
328 QBW_QBW1    (0)    2 :  0.097 0.109 0.086 0.029 0.019 0.002 0.076 0.142 0.007 0.433 
329 QBW_QBW2    (0)    2 :  0.100 0.102 0.082 0.030 0.020 0.002 0.077 0.146 0.006 0.434 
330 QBW_QBW3    (0)    2 :  0.099 0.096 0.095 0.029 0.019 0.002 0.076 0.143 0.006 0.433 
331 QBW_QBW4    (0)    2 :  0.099 0.111 0.104 0.030 0.020 0.002 0.076 0.144 0.007 0.406 
332 QBW_QBW5    (0)    2 :  0.101 0.095 0.090 0.030 0.020 0.002 0.078 0.147 0.007 0.429 
333 QBW_QBW6    (0)    2 :  0.098 0.098 0.086 0.029 0.019 0.002 0.076 0.142 0.007 0.442 
334 QBW_QBW7    (0)    2 :  0.099 0.109 0.093 0.030 0.020 0.002 0.077 0.144 0.006 0.418 
335 QBW_QBW8    (0)    2 :  0.101 0.099 0.096 0.030 0.020 0.002 0.078 0.147 0.007 0.420 
336 QBW_QBW9    (0)    2 :  0.104 0.099 0.094 0.031 0.021 0.002 0.080 0.153 0.009 0.407 
337 QBW_QBW10    (0)    2 :  0.101 0.099 0.095 0.030 0.020 0.002 0.078 0.146 0.007 0.423 
338 QBW_QBW11    (0)    2 :  0.101 0.103 0.090 0.030 0.020 0.002 0.078 0.147 0.006 0.422 
339 QBW_QBW12    (0)    2 :  0.100 0.099 0.103 0.030 0.020 0.002 0.077 0.145 0.006 0.418 
340 QBW_QBW13    (0)    2 :  0.101 0.098 0.092 0.030 0.020 0.002 0.077 0.146 0.007 0.426 
341 QBW_QBW14    (0)    2 :  0.101 0.097 0.086 0.030 0.020 0.003 0.078 0.147 0.007 0.432 
342 QBW_QBW15    (0)    2 :  0.099 0.104 0.093 0.029 0.020 0.002 0.076 0.144 0.007 0.425 
343 QBW_QBW16    (0)    2 :  0.101 0.107 0.095 0.030 0.020 0.002 0.077 0.147 0.007 0.414 
344 QBW_QBW17    (0)    2 :  0.098 0.105 0.099 0.029 0.019 0.002 0.075 0.142 0.007 0.424 
345 QBW_QBW18    (0)    2 :  0.101 0.105 0.088 0.030 0.020 0.002 0.077 0.146 0.006 0.424 
346 QBW_QBW19    (0)    2 :  0.101 0.096 0.082 0.030 0.020 0.002 0.078 0.148 0.007 0.436 
347 QBW_QBW20    (0)    2 :  0.101 0.100 0.085 0.030 0.020 0.003 0.077 0.146 0.006 0.432 
348 QBW_QBW21    (0)    2 :  0.099 0.099 0.097 0.030 0.020 0.002 0.077 0.145 0.006 0.425 
349 QBW_QBW22    (0)    2 :  0.100 0.100 0.093 0.030 0.020 0.003 0.077 0.145 0.007 0.428 
350 QBW_QBW23    (0)    2 :  0.103 0.096 0.090 0.031 0.020 0.002 0.079 0.150 0.006 0.423 
351 QBW_QBW24    (0)    2 :  0.101 0.092 0.087 0.030 0.020 0.002 0.077 0.146 0.007 0.437 
352 QBW_QBW25    (0)    2 :  0.102 0.102 0.089 0.030 0.020 0.002 0.078 0.148 0.008 0.420 
353 QBW_QBW26    (0)    2 :  0.100 0.102 0.091 0.030 0.020 0.002 0.077 0.145 0.007 0.426 
354 QBW_QBW27    (0)    2 :  0.100 0.096 0.089 0.029 0.019 0.002 0.076 0.144 0.006 0.437 
355 QBW_QBW28    (0)    2 :  0.102 0.096 0.091 0.032 0.021 0.002 0.079 0.149 0.006 0.421 
356 QBW_QBW29    (0)    2 :  0.101 0.104 0.093 0.030 0.020 0.002 0.078 0.148 0.006 0.418 
357 QBW_QBW30    (0)    2 :  0.102 0.099 0.088 0.030 0.020 0.003 0.078 0.148 0.007 0.425 
358 QBW_QBW31    (0)    2 :  0.097 0.112 0.088 0.029 0.019 0.002 0.075 0.141 0.007 0.430 
359 QBW_QBW32    (0)    2 :  0.101 0.107 0.095 0.030 0.020 0.002 0.077 0.147 0.007 0.414 
360 QBW_QBW33    (0)    2 :  0.098 0.105 0.099 0.029 0.019 0.002 0.075 0.142 0.007 0.424 
361 QBW_QBW34    (0)    2 :  0.101 0.105 0.088 0.030 0.020 0.003 0.078 0.147 0.006 0.421 
362 QBW_QBW35    (0)    2 :  0.101 0.096 0.082 0.030 0.020 0.002 0.078 0.148 0.007 0.436 
363 QBW_QBW36    (0)    2 :  0.101 0.100 0.085 0.030 0.020 0.003 0.077 0.146 0.006 0.432 
364 QBW_QBW37    (0)    2 :  0.103 0.095 0.087 0.031 0.021 0.002 0.079 0.151 0.007 0.423 
365 QBW_QBW38    (0)    2 :  0.099 0.097 0.093 0.030 0.020 0.002 0.076 0.144 0.007 0.432 
366 QBW_QBW39    (0)    2 :  0.099 0.103 0.089 0.029 0.020 0.003 0.076 0.143 0.007 0.430 
367 QBW_QBW40    (0)    2 :  0.101 0.096 0.090 0.030 0.020 0.002 0.078 0.148 0.007 0.428 
368 QBW_QBW41    (0)    2 :  0.102 0.092 0.097 0.030 0.020 0.002 0.078 0.147 0.008 0.424 
369 QBW_QBW42    (0)    2 :  0.103 0.107 0.091 0.031 0.020 0.002 0.079 0.150 0.006 0.410 
370 QBW_QBW43    (0)    2 :  0.105 0.096 0.085 0.032 0.021 0.002 0.081 0.153 0.010 0.415 
371 QBW_QBW44    (0)    2 :  0.103 0.100 0.087 0.030 0.020 0.002 0.079 0.150 0.008 0.421 
372 QBW_QBW45    (0)    2 :  0.102 0.105 0.086 0.031 0.021 0.003 0.079 0.150 0.008 0.415 
373 QBW_QBW46    (0)    2 :  0.100 0.102 0.085 0.030 0.020 0.002 0.077 0.145 0.006 0.433 
374 QBW_QBW47    (0)    2 :  0.104 0.108 0.088 0.031 0.021 0.002 0.080 0.152 0.007 0.408 
375 QBW_QBW48    (0)    2 :  0.099 0.098 0.088 0.029 0.019 0.002 0.076 0.144 0.006 0.437 
376 QBW_QBW49    (0)    2 :  0.100 0.094 0.101 0.030 0.020 0.002 0.077 0.146 0.008 0.422 
377 QBW_QBW50    (0)    2 :  0.100 0.108 0.095 0.030 0.020 0.002 0.077 0.146 0.007 0.416 
378 QBW_QBW51    (0)    2 :  0.097 0.113 0.109 0.029 0.019 0.002 0.075 0.141 0.007 0.407 
379 QBW_QBW52    (0)    2 :  0.101 0.100 0.084 0.030 0.020 0.002 0.078 0.147 0.006 0.430 
380 QBW_QBW53    (0)    2 :  0.102 0.106 0.093 0.031 0.021 0.003 0.079 0.149 0.006 0.412 
381 QBW_QBW54    (0)    2 :  0.097 0.100 0.092 0.029 0.019 0.002 0.074 0.140 0.007 0.440 
382 Ten_Ten1    (0)    2 :  0.103 0.097 0.083 0.031 0.020 0.002 0.079 0.150 0.008 0.426 
383 Ten_Ten2    (0)    2 :  0.099 0.095 0.089 0.029 0.019 0.002 0.076 0.144 0.006 0.439 
384 Ten_Ten3    (0)    2 :  0.103 0.100 0.088 0.031 0.020 0.002 0.079 0.150 0.007 0.420 
385 Ten_Ten4    (0)    2 :  0.102 0.108 0.091 0.031 0.020 0.002 0.079 0.149 0.006 0.412 
386 Ten_Ten5    (0)    2 :  0.098 0.103 0.083 0.029 0.019 0.002 0.076 0.143 0.006 0.440 
387 Ten_Ten6    (0)    2 :  0.098 0.096 0.085 0.029 0.019 0.002 0.075 0.141 0.006 0.449 
388 Ten_Ten7    (0)    2 :  0.101 0.101 0.113 0.030 0.020 0.003 0.078 0.149 0.008 0.396 
389 Ten_Ten8    (0)    2 :  0.100 0.105 0.088 0.030 0.020 0.003 0.078 0.145 0.007 0.424 
390 Ten_Ten9    (0)    2 :  0.098 0.103 0.094 0.029 0.019 0.002 0.075 0.141 0.007 0.431 
391 Ten_Ten10    (0)    2 :  0.099 0.102 0.097 0.029 0.020 0.002 0.076 0.144 0.007 0.423 
392 Ten_Ten11    (0)    2 :  0.101 0.100 0.087 0.030 0.020 0.003 0.078 0.147 0.008 0.426 
393 Ten_Ten12    (0)    2 :  0.101 0.101 0.093 0.030 0.020 0.002 0.077 0.147 0.007 0.422 
394 Ten_Ten13    (0)    2 :  0.100 0.105 0.088 0.030 0.020 0.002 0.077 0.145 0.008 0.424 
395 Ten_Ten14    (0)    2 :  0.100 0.103 0.096 0.030 0.020 0.002 0.077 0.145 0.006 0.421 
396 Ten_Ten15    (0)    2 :  0.097 0.103 0.100 0.029 0.019 0.002 0.075 0.141 0.007 0.428 
397 Ten_Ten16    (0)    2 :  0.100 0.094 0.086 0.029 0.019 0.002 0.077 0.144 0.007 0.441 
