

----------------------------------------------------
STRUCTURE by Pritchard, Stephens and Donnelly (2000)
     and Falush, Stephens and Pritchard (2003)
       Code by Pritchard, Falush and Hubisz
             Version 2.3.4 (Jul 2012)
----------------------------------------------------



Command line arguments:   /opt/anaconda3/bin/structure -K 9 -i /data/home/edc5240/Daruanus/Daruanus_All_8locus_stru.txt -o /data/home/edc5240/Daruanus/output/str_K9_rep3 -D 3231867 -m /data/home/edc5240/Daruanus/mainparams -e /data/home/edc5240/Daruanus/extraparams 
Input File:    /data/home/edc5240/Daruanus/Daruanus_All_8locus_stru.txt

Run parameters:
   1358 individuals
   8 loci
   9 populations assumed
   250000 Burn-in period
   1000000 Reps
LOCPRIOR model used
RANDOMIZE turned off


--------------------------------------------
Proportion of membership of each pre-defined
 population in each of the 9 clusters

Given    Inferred Clusters                                                 Number of
 Pop       1      2      3      4      5      6      7      8      9      Individuals

  1:     0.012  0.008  0.141  0.019  0.032  0.590  0.019  0.029  0.150       72
  2:     0.087  0.010  0.300  0.084  0.111  0.007  0.091  0.035  0.275      414
  3:     0.330  0.037  0.014  0.031  0.512  0.004  0.011  0.041  0.020      358
  4:     0.013  0.591  0.001  0.016  0.356  0.005  0.007  0.006  0.004      441
  5:     0.017  0.632  0.004  0.012  0.311  0.003  0.007  0.008  0.006       73
--------------------------------------------

Allele-freq. divergence among pops (Net nucleotide distance),
computed using point estimates of P.

      1       2       3       4       5       6       7       8       9      
 1      -    0.0729  0.0267  0.0202  0.0339  0.0357  0.0204  0.0200  0.0295  
 2   0.0729     -    0.0617  0.0531  0.0845  0.0719  0.0533  0.0530  0.0655  
 3   0.0267  0.0617     -    0.0022  0.0563  0.0118  0.0020  0.0023  0.0003  
 4   0.0202  0.0531  0.0022     -    0.0460  0.0112  0.0000  0.0000  0.0040  
 5   0.0339  0.0845  0.0563  0.0460     -    0.0631  0.0464  0.0457  0.0605  
 6   0.0357  0.0719  0.0118  0.0112  0.0631     -    0.0113  0.0110  0.0130  
 7   0.0204  0.0533  0.0020  0.0000  0.0464  0.0113     -    0.0000  0.0037  
 8   0.0200  0.0530  0.0023  0.0000  0.0457  0.0110  0.0000     -    0.0042  
 9   0.0295  0.0655  0.0003  0.0040  0.0605  0.0130  0.0037  0.0042     -    

Average distances (expected heterozygosity) between individuals in same cluster:
cluster  1  : 0.8492 
cluster  2  : 0.8062 
cluster  3  : 0.9109 
cluster  4  : 0.9186 
cluster  5  : 0.7776 
cluster  6  : 0.8908 
cluster  7  : 0.9184 
cluster  8  : 0.9187 
cluster  9  : 0.9050 

--------------------------------------------
Estimated Ln Prob of Data   = -55466.8
Mean value of ln likelihood = -54825.7
Variance of ln likelihood   = 1282.1
Mean value of alpha         = 6.0875

Mean value of alpha_local for each location:
	location  1:  0.2783  0.1715  2.7879  0.4024  0.7008  12.2909  0.4255  0.6342  3.4102
	location  2:  3.1596  0.3542  12.8712  3.1122  4.3745  0.3073  3.7153  1.2780  8.2599
	location  3:  14.2496  1.6493  0.6122  1.4213  21.6255  0.1834  0.5009  1.7830  0.6683
	location  4:  0.4969  22.9791  0.0413  0.6268  13.8916  0.2056  0.2827  0.2296  0.1567
	location  5:  0.9276  35.8799  0.2136  0.6907  17.7162  0.1710  0.3894  0.4357  0.3761

Mean value of Fst_1         = 0.0723
Mean value of Fst_2         = 0.1145
Mean value of Fst_3         = 0.0179
Mean value of Fst_4         = 0.0053
Mean value of Fst_5         = 0.1120
Mean value of Fst_6         = 0.0376
Mean value of Fst_7         = 0.0094
Mean value of Fst_8         = 0.0081
Mean value of Fst_9         = 0.0250

Mean value of r = 0.0714

Inferred ancestry of individuals:
        Label (%Miss) Pop:  Inferred clusters
  1 Lion_Lion1    (0)    1 :  0.011 0.008 0.127 0.016 0.027 0.631 0.017 0.026 0.138 
  2 Lion_Lion2    (0)    1 :  0.019 0.010 0.130 0.020 0.035 0.598 0.021 0.031 0.137 
  3 Lion_Lion3    (0)    1 :  0.012 0.008 0.126 0.017 0.041 0.615 0.018 0.027 0.136 
  4 Lion_Lion4    (0)    1 :  0.012 0.010 0.143 0.018 0.041 0.577 0.019 0.028 0.153 
  5 Lion_Lion5    (0)    1 :  0.011 0.007 0.133 0.018 0.025 0.621 0.018 0.028 0.140 
  6 Lion_Lion6    (0)    1 :  0.012 0.006 0.143 0.021 0.025 0.591 0.021 0.033 0.149 
  7 Lion_Lion7    (0)    1 :  0.012 0.007 0.149 0.019 0.028 0.583 0.020 0.030 0.152 
  8 Lion_Lion8    (0)    1 :  0.012 0.008 0.137 0.018 0.032 0.597 0.019 0.029 0.148 
  9 Lion_Lion9    (0)    1 :  0.015 0.013 0.119 0.018 0.040 0.620 0.019 0.029 0.128 
 10 Lion_Lion10    (0)    1 :  0.010 0.006 0.176 0.022 0.020 0.537 0.023 0.035 0.172 
 11 Lion_Lion11    (0)    1 :  0.012 0.007 0.140 0.019 0.034 0.589 0.020 0.030 0.149 
 12 Lion_Lion13    (0)    1 :  0.011 0.009 0.154 0.018 0.033 0.564 0.018 0.028 0.164 
 13 Lion_Lion14    (0)    1 :  0.011 0.010 0.127 0.019 0.028 0.621 0.019 0.030 0.135 
 14 Lion_Lion15    (0)    1 :  0.012 0.007 0.149 0.021 0.026 0.574 0.022 0.034 0.155 
 15 Lion_Lion16    (0)    1 :  0.011 0.006 0.150 0.019 0.024 0.580 0.020 0.031 0.160 
 16 Lion_Lion17    (0)    1 :  0.011 0.008 0.120 0.020 0.027 0.635 0.021 0.031 0.128 
 17 Lion_Lion18    (0)    1 :  0.011 0.006 0.146 0.017 0.026 0.593 0.017 0.026 0.157 
 18 Lion_Lion19    (0)    1 :  0.017 0.008 0.136 0.020 0.042 0.579 0.021 0.032 0.145 
 19 Lion_Lion20    (0)    1 :  0.012 0.007 0.152 0.021 0.047 0.543 0.022 0.033 0.162 
 20 Lion_Lion21    (0)    1 :  0.010 0.007 0.159 0.020 0.025 0.562 0.020 0.031 0.165 
 21 Lion_Lion22    (0)    1 :  0.010 0.006 0.126 0.017 0.022 0.635 0.018 0.028 0.138 
 22 Lion_Lion23    (0)    1 :  0.011 0.007 0.149 0.018 0.024 0.585 0.018 0.028 0.160 
 23 Lion_Lion24    (0)    1 :  0.013 0.006 0.138 0.020 0.050 0.575 0.020 0.031 0.147 
 24 Lion_Lion25    (0)    1 :  0.011 0.007 0.139 0.018 0.038 0.588 0.019 0.028 0.152 
 25 Lion_Lion26    (0)    1 :  0.011 0.008 0.136 0.019 0.029 0.606 0.019 0.029 0.144 
 26 Lion_Lion27    (0)    1 :  0.013 0.006 0.142 0.018 0.031 0.589 0.018 0.027 0.155 
 27 Lion_Lion28    (0)    1 :  0.010 0.008 0.130 0.018 0.030 0.616 0.019 0.029 0.140 
 28 Lion_Lion29    (0)    1 :  0.009 0.006 0.136 0.019 0.022 0.616 0.020 0.030 0.142 
 29 Lion_Lion30    (0)    1 :  0.015 0.011 0.148 0.021 0.031 0.563 0.022 0.033 0.154 
 30 Lion_Lion31    (0)    1 :  0.011 0.006 0.128 0.017 0.028 0.625 0.018 0.028 0.138 
 31 Lion_Lion32    (0)    1 :  0.009 0.005 0.124 0.016 0.019 0.652 0.016 0.024 0.134 
 32 Lion_Lion33    (0)    1 :  0.010 0.007 0.158 0.018 0.025 0.566 0.019 0.028 0.169 
 33 Lion_Lion34    (0)    1 :  0.010 0.010 0.141 0.016 0.024 0.606 0.016 0.025 0.153 
 34 Lion_Lion36    (0)    1 :  0.012 0.006 0.153 0.018 0.029 0.569 0.019 0.028 0.164 
 35 Lion_Lion38    (0)    1 :  0.012 0.005 0.146 0.018 0.026 0.590 0.018 0.028 0.158 
 36 Lion_Lion39    (0)    1 :  0.009 0.006 0.143 0.022 0.027 0.588 0.023 0.034 0.148 
 37 Lion_Lion40    (0)    1 :  0.014 0.006 0.130 0.017 0.033 0.612 0.017 0.027 0.144 
 38 Lion_Lion41    (0)    1 :  0.017 0.007 0.151 0.021 0.039 0.552 0.022 0.033 0.159 
 39 Lion_Lion42    (0)    1 :  0.011 0.006 0.154 0.020 0.031 0.565 0.021 0.032 0.161 
 40 Lion_Lion43    (0)    1 :  0.010 0.008 0.160 0.019 0.032 0.554 0.019 0.029 0.170 
 41 Lion_Lion44    (0)    1 :  0.015 0.006 0.133 0.021 0.037 0.594 0.022 0.033 0.140 
 42 Lion_Lion45    (0)    1 :  0.012 0.009 0.123 0.018 0.035 0.621 0.019 0.029 0.134 
 43 Lion_Lion46    (0)    1 :  0.013 0.011 0.122 0.017 0.039 0.621 0.018 0.028 0.131 
 44 Lion_Lion47    (0)    1 :  0.015 0.009 0.139 0.019 0.033 0.586 0.019 0.029 0.151 
 45 Lion_Lion48    (0)    1 :  0.012 0.006 0.154 0.019 0.031 0.564 0.019 0.029 0.166 
 46 Lion_Lion49    (0)    1 :  0.012 0.006 0.151 0.019 0.035 0.569 0.019 0.029 0.159 
 47 Lion_Lion50    (0)    1 :  0.012 0.006 0.151 0.022 0.037 0.561 0.023 0.035 0.154 
 48 Lion_Lion51    (0)    1 :  0.011 0.006 0.138 0.017 0.024 0.611 0.017 0.027 0.149 
 49 Lion_Lion52    (0)    1 :  0.013 0.008 0.134 0.020 0.037 0.591 0.021 0.032 0.144 
 50 Lolo_Lolo1    (0)    1 :  0.011 0.007 0.116 0.016 0.035 0.645 0.016 0.025 0.128 
 51 Lolo_Lolo2    (0)    1 :  0.011 0.009 0.120 0.019 0.036 0.629 0.019 0.029 0.129 
 52 Lolo_Lolo3    (0)    1 :  0.012 0.007 0.131 0.018 0.031 0.611 0.019 0.029 0.142 
 53 Lolo_Lolo4    (0)    1 :  0.009 0.008 0.146 0.017 0.035 0.586 0.018 0.026 0.155 
 54 Lolo_Lolo5    (0)    1 :  0.011 0.007 0.130 0.018 0.041 0.604 0.019 0.030 0.140 
 55 Lolo_Lolo6    (0)    1 :  0.011 0.014 0.155 0.020 0.035 0.549 0.020 0.031 0.165 
 56 Lolo_Lolo7    (0)    1 :  0.011 0.006 0.130 0.018 0.028 0.623 0.018 0.028 0.139 
 57 Lolo_Lolo8    (0)    1 :  0.011 0.011 0.129 0.018 0.032 0.616 0.018 0.028 0.138 
 58 Lolo_Lolo9    (0)    1 :  0.010 0.007 0.127 0.018 0.040 0.615 0.018 0.028 0.137 
 59 Manu_Manu1    (0)    1 :  0.011 0.006 0.133 0.019 0.032 0.608 0.019 0.029 0.143 
 60 Manu_Manu2    (0)    1 :  0.013 0.008 0.143 0.018 0.042 0.574 0.019 0.029 0.154 
 61 Manu_Manu3    (0)    1 :  0.011 0.006 0.154 0.018 0.028 0.569 0.019 0.028 0.166 
 62 Manu_Manu4    (0)    1 :  0.012 0.007 0.138 0.018 0.052 0.576 0.019 0.028 0.150 
 63 Manu_Manu5    (0)    1 :  0.011 0.016 0.159 0.019 0.034 0.543 0.020 0.030 0.168 
 64 Manu_Manu6    (0)    1 :  0.011 0.007 0.169 0.020 0.028 0.534 0.020 0.031 0.180 
 65 Manu_Manu7    (0)    1 :  0.011 0.007 0.145 0.020 0.026 0.588 0.020 0.031 0.152 
 66 Manu_Manu8    (0)    1 :  0.012 0.006 0.149 0.019 0.028 0.577 0.019 0.030 0.159 
 67 Manu_Manu9    (0)    1 :  0.017 0.010 0.137 0.021 0.041 0.576 0.022 0.034 0.142 
 68 Manu_Manu10    (0)    1 :  0.012 0.010 0.157 0.021 0.027 0.552 0.022 0.033 0.166 
 69 Manu_Manu11    (0)    1 :  0.011 0.007 0.151 0.019 0.028 0.578 0.020 0.030 0.155 
 70 Manu_Manu13    (0)    1 :  0.013 0.006 0.119 0.017 0.060 0.609 0.018 0.027 0.130 
 71 Manu_Manu14    (0)    1 :  0.010 0.006 0.166 0.018 0.023 0.551 0.018 0.027 0.180 
 72 Manu_Manu15    (0)    1 :  0.010 0.006 0.135 0.016 0.024 0.616 0.017 0.026 0.149 
 73   Go_Go1    (0)    2 :  0.084 0.010 0.298 0.086 0.121 0.008 0.092 0.036 0.265 
 74   Go_Go2    (0)    2 :  0.109 0.012 0.292 0.080 0.107 0.007 0.087 0.033 0.273 
 75   Go_Go3    (0)    2 :  0.086 0.009 0.300 0.089 0.112 0.007 0.093 0.037 0.267 
 76   Go_Go4    (0)    2 :  0.085 0.009 0.305 0.085 0.105 0.007 0.093 0.036 0.275 
 77   Go_Go5    (0)    2 :  0.087 0.010 0.299 0.086 0.115 0.007 0.091 0.036 0.268 
 78   Go_Go6    (0)    2 :  0.090 0.008 0.305 0.085 0.096 0.007 0.092 0.035 0.282 
 79   Go_Go7    (0)    2 :  0.101 0.009 0.297 0.084 0.109 0.007 0.091 0.035 0.268 
 80   Go_Go8    (0)    2 :  0.097 0.008 0.300 0.086 0.100 0.008 0.091 0.036 0.273 
 81   Go_Go9    (0)    2 :  0.077 0.015 0.304 0.087 0.106 0.008 0.094 0.036 0.273 
 82  Go_Go10    (0)    2 :  0.092 0.010 0.303 0.088 0.102 0.007 0.094 0.037 0.268 
 83  Go_Go11    (0)    2 :  0.093 0.009 0.300 0.083 0.107 0.006 0.090 0.035 0.277 
 84  Go_Go12    (0)    2 :  0.088 0.011 0.299 0.084 0.114 0.008 0.089 0.035 0.273 
 85  Go_Go13    (0)    2 :  0.080 0.010 0.307 0.085 0.099 0.006 0.093 0.036 0.282 
 86  Go_Go14    (0)    2 :  0.100 0.013 0.298 0.083 0.104 0.007 0.090 0.035 0.271 
 87  Go_Go15    (0)    2 :  0.087 0.009 0.301 0.083 0.110 0.006 0.090 0.035 0.278 
 88  Go_Go16    (0)    2 :  0.082 0.009 0.302 0.090 0.108 0.007 0.093 0.037 0.272 
 89  Go_Go17    (0)    2 :  0.084 0.010 0.299 0.080 0.115 0.007 0.086 0.033 0.287 
 90  Go_Go18    (0)    2 :  0.083 0.010 0.297 0.084 0.125 0.007 0.089 0.035 0.270 
 91  Go_Go19    (0)    2 :  0.090 0.013 0.292 0.081 0.129 0.007 0.087 0.034 0.268 
 92  Go_Go20    (0)    2 :  0.088 0.008 0.300 0.085 0.110 0.007 0.091 0.036 0.275 
 93  Go_Go21    (0)    2 :  0.079 0.009 0.302 0.082 0.112 0.006 0.089 0.034 0.286 
 94  Go_Go22    (0)    2 :  0.086 0.009 0.301 0.083 0.105 0.007 0.089 0.034 0.286 
 95  Go_Go23    (0)    2 :  0.096 0.010 0.292 0.081 0.125 0.007 0.088 0.033 0.269 
 96  Go_Go24    (0)    2 :  0.086 0.011 0.304 0.084 0.105 0.007 0.091 0.035 0.278 
 97  Go_Go25    (0)    2 :  0.098 0.009 0.294 0.082 0.120 0.007 0.088 0.034 0.267 
 98  Go_Go27    (0)    2 :  0.093 0.018 0.295 0.083 0.113 0.007 0.090 0.034 0.266 
 99  Go_Go28    (0)    2 :  0.085 0.015 0.295 0.086 0.120 0.007 0.092 0.036 0.263 
100  Go_Go29    (0)    2 :  0.093 0.013 0.283 0.081 0.150 0.007 0.086 0.033 0.255 
101  Go_Go30    (0)    2 :  0.072 0.010 0.311 0.082 0.094 0.007 0.090 0.034 0.301 
102  Go_Go31    (0)    2 :  0.103 0.009 0.293 0.079 0.118 0.006 0.087 0.033 0.272 
103  Go_Go32    (0)    2 :  0.097 0.013 0.296 0.086 0.116 0.006 0.093 0.036 0.257 
104  Go_Go33    (0)    2 :  0.077 0.010 0.307 0.083 0.100 0.006 0.091 0.034 0.291 
105  Go_Go34    (0)    2 :  0.085 0.009 0.296 0.080 0.126 0.006 0.087 0.033 0.277 
106  Go_Go35    (0)    2 :  0.095 0.011 0.296 0.084 0.116 0.007 0.090 0.035 0.266 
107  Go_Go36    (0)    2 :  0.107 0.008 0.296 0.087 0.104 0.006 0.091 0.036 0.265 
108  Go_Go37    (0)    2 :  0.089 0.010 0.302 0.090 0.105 0.007 0.096 0.038 0.262 
109  Go_Go38    (0)    2 :  0.081 0.008 0.310 0.088 0.093 0.007 0.094 0.037 0.284 
110  Go_Go39    (0)    2 :  0.083 0.009 0.288 0.083 0.151 0.007 0.088 0.034 0.256 
111  Go_Go40    (0)    2 :  0.084 0.008 0.300 0.084 0.120 0.007 0.090 0.035 0.271 
112  Go_Go41    (0)    2 :  0.118 0.009 0.296 0.083 0.098 0.007 0.090 0.034 0.266 
113  Go_Go42    (0)    2 :  0.125 0.013 0.282 0.081 0.130 0.007 0.087 0.033 0.241 
114  Go_Go43    (0)    2 :  0.094 0.010 0.288 0.080 0.140 0.006 0.086 0.033 0.262 
115  Go_Go44    (0)    2 :  0.090 0.012 0.299 0.086 0.108 0.007 0.091 0.036 0.271 
116  Go_Go45    (0)    2 :  0.089 0.009 0.305 0.087 0.103 0.007 0.094 0.037 0.271 
117  Go_Go46    (0)    2 :  0.097 0.010 0.300 0.087 0.104 0.008 0.093 0.036 0.264 
118  Go_Go47    (0)    2 :  0.081 0.012 0.300 0.088 0.117 0.007 0.094 0.037 0.265 
119  Go_Go48    (0)    2 :  0.080 0.008 0.308 0.083 0.102 0.007 0.092 0.034 0.285 
120  Go_Go49    (0)    2 :  0.088 0.012 0.302 0.088 0.102 0.007 0.095 0.037 0.268 
121  Go_Go50    (0)    2 :  0.080 0.009 0.302 0.084 0.113 0.007 0.090 0.035 0.281 
122  Go_Go51    (0)    2 :  0.070 0.011 0.313 0.086 0.084 0.007 0.092 0.035 0.302 
123  Go_Go52    (0)    2 :  0.080 0.009 0.305 0.086 0.104 0.006 0.093 0.036 0.280 
124  Go_Go53    (0)    2 :  0.084 0.010 0.305 0.084 0.103 0.007 0.091 0.035 0.282 
125  Go_Go54    (0)    2 :  0.081 0.011 0.304 0.081 0.100 0.006 0.090 0.034 0.292 
126  Go_Go55    (0)    2 :  0.079 0.009 0.309 0.084 0.091 0.006 0.093 0.035 0.293 
127  Go_Go56    (0)    2 :  0.096 0.011 0.299 0.082 0.102 0.006 0.089 0.034 0.279 
128 Hie_Hie2    (0)    2 :  0.074 0.011 0.308 0.096 0.103 0.006 0.102 0.040 0.261 
129 Hie_Hie3    (0)    2 :  0.096 0.013 0.296 0.083 0.111 0.007 0.090 0.035 0.269 
130 Hie_Hie4    (0)    2 :  0.103 0.010 0.293 0.080 0.118 0.006 0.088 0.033 0.269 
131 Hie_Hie5    (0)    2 :  0.083 0.009 0.301 0.078 0.107 0.006 0.086 0.032 0.296 
132 Hie_Hie6    (0)    2 :  0.085 0.011 0.298 0.084 0.115 0.007 0.090 0.035 0.274 
133 Hie_Hie7    (0)    2 :  0.084 0.012 0.295 0.079 0.124 0.007 0.086 0.033 0.281 
134 Hie_Hie8    (0)    2 :  0.097 0.010 0.296 0.086 0.110 0.007 0.092 0.035 0.266 
135 Hie_Hie9    (0)    2 :  0.080 0.010 0.300 0.084 0.117 0.008 0.090 0.035 0.276 
136 Hie_Hie11    (0)    2 :  0.101 0.010 0.288 0.081 0.131 0.007 0.087 0.034 0.260 
137 Hie_Hie12    (0)    2 :  0.091 0.010 0.302 0.079 0.097 0.006 0.088 0.033 0.294 
138 Hie_Hie13    (0)    2 :  0.086 0.009 0.303 0.086 0.110 0.007 0.091 0.036 0.273 
139 Hie_Hie14    (0)    2 :  0.080 0.008 0.309 0.088 0.096 0.007 0.095 0.037 0.279 
140 Hie_Hie15    (0)    2 :  0.088 0.012 0.299 0.085 0.112 0.007 0.091 0.036 0.270 
141 Hie_Hie16    (0)    2 :  0.075 0.009 0.309 0.081 0.096 0.007 0.088 0.034 0.302 
142 Hie_Hie17    (0)    2 :  0.092 0.013 0.281 0.080 0.162 0.006 0.085 0.033 0.248 
143 Hie_Hie18    (0)    2 :  0.078 0.008 0.303 0.085 0.111 0.007 0.092 0.036 0.279 
144 Hie_Hie19    (0)    2 :  0.097 0.010 0.294 0.087 0.124 0.006 0.092 0.036 0.254 
145 Hie_Hie20    (0)    2 :  0.084 0.012 0.300 0.088 0.114 0.006 0.093 0.037 0.266 
146 Hie_Hie21    (0)    2 :  0.109 0.010 0.296 0.086 0.103 0.007 0.092 0.036 0.260 
147 Hie_Hie22    (0)    2 :  0.087 0.010 0.302 0.082 0.108 0.007 0.090 0.035 0.279 
148 Hie_Hie23    (0)    2 :  0.075 0.009 0.308 0.087 0.100 0.007 0.093 0.036 0.286 
149 Hie_Hie24    (0)    2 :  0.086 0.009 0.306 0.083 0.103 0.007 0.091 0.035 0.280 
150 Hie_Hie25    (0)    2 :  0.085 0.010 0.296 0.078 0.123 0.006 0.085 0.032 0.284 
151 Hie_Hie26    (0)    2 :  0.083 0.008 0.308 0.084 0.093 0.007 0.091 0.035 0.291 
152 Hie_Hie27    (0)    2 :  0.095 0.009 0.299 0.087 0.110 0.008 0.093 0.037 0.264 
153 Hie_Hie28    (0)    2 :  0.083 0.014 0.302 0.084 0.114 0.006 0.091 0.036 0.270 
154 Hie_Hie29    (0)    2 :  0.089 0.017 0.297 0.084 0.114 0.007 0.090 0.035 0.267 
155 Hie_Hie30    (0)    2 :  0.085 0.011 0.306 0.089 0.098 0.007 0.094 0.037 0.275 
156 Hie_Hie31    (0)    2 :  0.078 0.011 0.304 0.080 0.109 0.006 0.087 0.033 0.292 
157 Hie_Hie32    (0)    2 :  0.081 0.010 0.306 0.084 0.099 0.007 0.092 0.035 0.287 
158 Hie_Hie33    (0)    2 :  0.091 0.011 0.300 0.081 0.111 0.007 0.088 0.034 0.277 
159 Hie_Hie34    (0)    2 :  0.084 0.010 0.298 0.083 0.120 0.007 0.090 0.035 0.274 
160 Hie_Hie35    (0)    2 :  0.102 0.009 0.299 0.083 0.099 0.006 0.090 0.034 0.278 
161 Hie_Hie36    (0)    2 :  0.095 0.009 0.299 0.080 0.101 0.007 0.087 0.033 0.289 
162 Hie_Hie37    (0)    2 :  0.084 0.011 0.300 0.082 0.114 0.007 0.088 0.034 0.282 
163 Hie_Hie38    (0)    2 :  0.087 0.013 0.304 0.083 0.098 0.007 0.091 0.035 0.283 
164 Hie_Hie39    (0)    2 :  0.088 0.009 0.300 0.086 0.115 0.008 0.092 0.036 0.267 
165 Hie_Hie40    (0)    2 :  0.079 0.009 0.303 0.084 0.110 0.007 0.090 0.035 0.283 
166 Hie_Hie41    (0)    2 :  0.083 0.011 0.304 0.088 0.101 0.010 0.094 0.037 0.273 
167 Hie_Hie42    (0)    2 :  0.104 0.015 0.280 0.084 0.148 0.008 0.088 0.035 0.238 
168 Hie_Hie43    (0)    2 :  0.090 0.019 0.293 0.085 0.120 0.007 0.091 0.035 0.258 
169 Hie_Hie44    (0)    2 :  0.095 0.008 0.305 0.090 0.090 0.007 0.095 0.037 0.273 
170 Hie_Hie45    (0)    2 :  0.105 0.010 0.288 0.079 0.132 0.007 0.085 0.032 0.263 
171 Hie_Hie46    (0)    2 :  0.088 0.011 0.300 0.081 0.107 0.006 0.089 0.033 0.285 
172 Hie_Hie47    (0)    2 :  0.087 0.009 0.307 0.085 0.095 0.007 0.091 0.035 0.285 
173 Hie_Hie48    (0)    2 :  0.087 0.009 0.301 0.082 0.113 0.007 0.088 0.034 0.279 
174 Hie_Hie49    (0)    2 :  0.070 0.008 0.307 0.089 0.110 0.006 0.095 0.037 0.278 
175 Lar_Lar1    (0)    2 :  0.081 0.008 0.308 0.084 0.095 0.008 0.091 0.036 0.289 
176 Lar_Lar2    (0)    2 :  0.080 0.011 0.305 0.085 0.099 0.007 0.092 0.036 0.283 
177 Lar_Lar3    (0)    2 :  0.097 0.015 0.295 0.080 0.117 0.006 0.087 0.033 0.270 
178 Lar_Lar4    (0)    2 :  0.091 0.011 0.297 0.080 0.112 0.006 0.087 0.033 0.281 
179 Lar_Lar5    (0)    2 :  0.082 0.010 0.303 0.082 0.110 0.007 0.089 0.034 0.283 
180 Lar_Lar6    (0)    2 :  0.080 0.010 0.306 0.088 0.100 0.007 0.093 0.036 0.279 
181 Lar_Lar7    (0)    2 :  0.096 0.011 0.289 0.085 0.133 0.006 0.090 0.035 0.254 
182 Lar_Lar8    (0)    2 :  0.084 0.009 0.294 0.080 0.130 0.007 0.085 0.033 0.278 
183 Lar_Lar10    (0)    2 :  0.092 0.012 0.299 0.084 0.111 0.007 0.091 0.035 0.271 
184 Lar_Lar11    (0)    2 :  0.079 0.013 0.302 0.085 0.114 0.006 0.091 0.035 0.276 
185 Lar_Lar12    (0)    2 :  0.086 0.011 0.293 0.085 0.131 0.006 0.091 0.035 0.262 
186 Lar_Lar14    (0)    2 :  0.087 0.009 0.303 0.091 0.106 0.007 0.096 0.038 0.264 
187 Lar_Lar15    (0)    2 :  0.079 0.011 0.303 0.083 0.110 0.007 0.089 0.035 0.284 
188 Lar_Lar16    (0)    2 :  0.077 0.010 0.302 0.079 0.112 0.007 0.086 0.033 0.294 
189 Lar_Lar17    (0)    2 :  0.094 0.008 0.290 0.086 0.134 0.006 0.090 0.035 0.255 
190 Lar_Lar18    (0)    2 :  0.093 0.010 0.299 0.082 0.109 0.006 0.090 0.034 0.276 
191 Lar_Lar19    (0)    2 :  0.084 0.010 0.302 0.080 0.107 0.007 0.088 0.034 0.287 
192 Lar_Lar20    (0)    2 :  0.082 0.015 0.292 0.085 0.137 0.006 0.091 0.035 0.257 
193 Lar_Lar21    (0)    2 :  0.081 0.008 0.308 0.082 0.087 0.007 0.090 0.034 0.303 
194 Lar_Lar22    (0)    2 :  0.084 0.009 0.300 0.087 0.117 0.006 0.093 0.036 0.269 
195 Lar_Lar23    (0)    2 :  0.079 0.009 0.308 0.080 0.099 0.007 0.088 0.033 0.297 
196 Lar_Lar24    (0)    2 :  0.080 0.010 0.299 0.081 0.122 0.007 0.088 0.034 0.280 
197 Lar_Lar25    (0)    2 :  0.088 0.014 0.301 0.087 0.109 0.007 0.092 0.036 0.265 
198 Lar_Lar26    (0)    2 :  0.089 0.012 0.300 0.084 0.109 0.007 0.091 0.035 0.274 
199 Lar_Lar27    (0)    2 :  0.076 0.009 0.298 0.084 0.129 0.009 0.089 0.035 0.271 
200 Lar_Lar28    (0)    2 :  0.079 0.013 0.303 0.080 0.101 0.006 0.088 0.033 0.297 
201 Lar_Lar29    (0)    2 :  0.085 0.010 0.308 0.087 0.095 0.007 0.094 0.036 0.280 
202 Lar_Lar30    (0)    2 :  0.101 0.010 0.296 0.082 0.108 0.008 0.089 0.034 0.273 
203 Lar_Lar31    (0)    2 :  0.084 0.010 0.302 0.087 0.107 0.007 0.094 0.037 0.272 
204 Lar_Lar32    (0)    2 :  0.100 0.010 0.294 0.082 0.118 0.007 0.088 0.034 0.269 
205 Lar_Lar33    (0)    2 :  0.087 0.013 0.295 0.078 0.116 0.006 0.086 0.032 0.285 
206 Lar_Lar34    (0)    2 :  0.089 0.008 0.293 0.079 0.132 0.007 0.085 0.033 0.274 
207 Lar_Lar35    (0)    2 :  0.090 0.009 0.305 0.084 0.097 0.006 0.092 0.035 0.283 
208 Lar_Lar36    (0)    2 :  0.083 0.022 0.295 0.084 0.123 0.007 0.090 0.035 0.261 
209 Lar_Lar37    (0)    2 :  0.080 0.009 0.305 0.086 0.110 0.007 0.093 0.036 0.274 
210 Lar_Lar38    (0)    2 :  0.082 0.009 0.307 0.087 0.100 0.007 0.093 0.036 0.278 
211 Lar_Lar39    (0)    2 :  0.089 0.011 0.297 0.090 0.117 0.007 0.095 0.037 0.255 
212 Lar_Lar40    (0)    2 :  0.099 0.010 0.299 0.080 0.103 0.007 0.087 0.033 0.283 
213 Lar_Lar41    (0)    2 :  0.077 0.008 0.311 0.084 0.092 0.006 0.092 0.035 0.295 
214 Lar_Lar42    (0)    2 :  0.076 0.011 0.304 0.081 0.108 0.007 0.088 0.033 0.291 
215 Lar_Lar43    (0)    2 :  0.100 0.015 0.284 0.081 0.144 0.006 0.087 0.033 0.251 
216 Lar_Lar44    (0)    2 :  0.083 0.012 0.297 0.090 0.121 0.008 0.093 0.038 0.259 
217 Lar_Lar45    (0)    2 :  0.087 0.009 0.300 0.084 0.110 0.007 0.091 0.035 0.276 
218 Lar_Lar46    (0)    2 :  0.076 0.008 0.308 0.077 0.092 0.006 0.086 0.032 0.314 
219 Lar_Lar47    (0)    2 :  0.089 0.011 0.305 0.089 0.098 0.007 0.094 0.037 0.271 
220 Lar_Lar48    (0)    2 :  0.104 0.009 0.296 0.083 0.107 0.007 0.089 0.034 0.270 
221 Lar_Lar49    (0)    2 :  0.081 0.014 0.297 0.083 0.127 0.007 0.089 0.035 0.269 
222 Lar_Lar50    (0)    2 :  0.076 0.009 0.310 0.085 0.098 0.007 0.092 0.036 0.287 
223 Lar_Lar51    (0)    2 :  0.089 0.009 0.297 0.081 0.119 0.006 0.088 0.034 0.277 
224 Lar_Lar52    (0)    2 :  0.073 0.009 0.304 0.087 0.112 0.007 0.091 0.036 0.281 
225 Lar_Lar53    (0)    2 :  0.070 0.008 0.314 0.084 0.089 0.007 0.092 0.035 0.299 
226 Mara_Mara1    (0)    2 :  0.082 0.010 0.306 0.088 0.099 0.007 0.094 0.037 0.277 
227 Mara_Mara2    (0)    2 :  0.080 0.009 0.304 0.086 0.105 0.006 0.092 0.036 0.283 
228 Mara_Mara3    (0)    2 :  0.093 0.008 0.302 0.080 0.105 0.007 0.088 0.033 0.285 
229 Mara_Mara4    (0)    2 :  0.080 0.012 0.304 0.087 0.108 0.007 0.094 0.036 0.271 
230 Mara_Mara5    (0)    2 :  0.079 0.009 0.309 0.087 0.099 0.007 0.093 0.036 0.281 
231 Mara_Mara6    (0)    2 :  0.079 0.010 0.304 0.089 0.105 0.007 0.094 0.037 0.274 
232 Mara_Mara7    (0)    2 :  0.083 0.011 0.302 0.092 0.103 0.008 0.095 0.038 0.269 
233 Mara_Mara8    (0)    2 :  0.086 0.009 0.296 0.079 0.121 0.006 0.086 0.033 0.285 
234 Mara_Mara9    (0)    2 :  0.085 0.008 0.304 0.079 0.096 0.008 0.088 0.033 0.300 
235 Mara_Mara1_    (0)    2 :  0.107 0.016 0.292 0.083 0.116 0.006 0.091 0.034 0.254 
236 Mara_Mara1_    (0)    2 :  0.086 0.013 0.297 0.085 0.120 0.006 0.092 0.035 0.265 
237 Mara_Mara1_    (0)    2 :  0.085 0.010 0.302 0.084 0.113 0.006 0.092 0.035 0.271 
238 Mara_Mara1_    (0)    2 :  0.079 0.012 0.306 0.090 0.100 0.006 0.096 0.038 0.274 
239 Mara_Mara1_    (0)    2 :  0.085 0.024 0.298 0.086 0.107 0.007 0.092 0.036 0.264 
240 Mara_Mara1_    (0)    2 :  0.087 0.010 0.297 0.083 0.121 0.007 0.089 0.034 0.271 
241 Mara_Mara1_    (0)    2 :  0.087 0.010 0.297 0.086 0.123 0.007 0.092 0.036 0.263 
242 Mara_Mara1_    (0)    2 :  0.096 0.010 0.299 0.086 0.107 0.007 0.092 0.036 0.267 
243 Mara_Mara1_    (0)    2 :  0.079 0.011 0.299 0.080 0.113 0.007 0.087 0.033 0.291 
244 Mara_Mara1_    (0)    2 :  0.080 0.009 0.300 0.082 0.117 0.007 0.089 0.034 0.281 
245 Mara_Mara2_    (0)    2 :  0.092 0.010 0.296 0.082 0.114 0.006 0.089 0.034 0.275 
246 Mara_Mara2_    (0)    2 :  0.089 0.015 0.296 0.085 0.120 0.007 0.091 0.035 0.261 
247 Mara_Mara2_    (0)    2 :  0.076 0.008 0.306 0.082 0.100 0.007 0.089 0.034 0.297 
248 Mara_Mara2_    (0)    2 :  0.081 0.010 0.306 0.084 0.103 0.006 0.091 0.035 0.284 
249 Mara_Mara2_    (0)    2 :  0.087 0.011 0.304 0.079 0.097 0.006 0.087 0.033 0.296 
250 Mara_Mara2_    (0)    2 :  0.091 0.009 0.295 0.081 0.124 0.007 0.088 0.033 0.273 
251 Mara_Mara2_    (0)    2 :  0.078 0.008 0.305 0.088 0.103 0.006 0.095 0.037 0.279 
252 Mara_Mara2_    (0)    2 :  0.084 0.009 0.302 0.087 0.114 0.007 0.094 0.036 0.267 
253 Mara_Mara2_    (0)    2 :  0.078 0.018 0.300 0.083 0.110 0.008 0.089 0.034 0.281 
254 Mara_Mara2_    (0)    2 :  0.089 0.014 0.292 0.085 0.130 0.007 0.091 0.035 0.256 
255 Mara_Mara3_    (0)    2 :  0.083 0.022 0.292 0.092 0.125 0.009 0.095 0.038 0.244 
256 Mara_Mara3_    (0)    2 :  0.085 0.011 0.292 0.085 0.139 0.008 0.090 0.035 0.255 
257 Mara_Mara3_    (0)    2 :  0.078 0.009 0.304 0.088 0.108 0.007 0.093 0.036 0.278 
258 Mara_Mara3_    (0)    2 :  0.080 0.010 0.301 0.085 0.116 0.006 0.091 0.035 0.276 
259 Mara_Mara3_    (0)    2 :  0.088 0.014 0.298 0.082 0.111 0.006 0.090 0.034 0.276 
260 Mara_Mara3_    (0)    2 :  0.095 0.013 0.299 0.085 0.104 0.006 0.091 0.035 0.270 
261 Mara_Mara3_    (0)    2 :  0.080 0.012 0.298 0.082 0.118 0.007 0.088 0.034 0.282 
262 Mara_Mara3_    (0)    2 :  0.088 0.009 0.297 0.084 0.115 0.006 0.090 0.035 0.276 
263 Mara_Mara3_    (0)    2 :  0.074 0.008 0.304 0.077 0.109 0.007 0.085 0.032 0.305 
264 Mara_Mara3_    (0)    2 :  0.084 0.009 0.298 0.080 0.120 0.006 0.086 0.033 0.284 
265 Mara_Mara4_    (0)    2 :  0.099 0.010 0.287 0.080 0.141 0.006 0.086 0.033 0.256 
266 Mara_Mara4_    (0)    2 :  0.084 0.009 0.306 0.085 0.097 0.008 0.092 0.035 0.284 
267 Mara_Mara4_    (0)    2 :  0.090 0.009 0.298 0.081 0.113 0.007 0.089 0.034 0.281 
268 Mara_Mara4_    (0)    2 :  0.077 0.010 0.305 0.082 0.107 0.007 0.090 0.035 0.287 
269 Mara_Mara4_    (0)    2 :  0.080 0.008 0.302 0.082 0.109 0.007 0.089 0.034 0.291 
270 Mara_Mara4_    (0)    2 :  0.088 0.009 0.305 0.087 0.095 0.007 0.094 0.037 0.278 
271 Mara_Mara4_    (0)    2 :  0.086 0.009 0.295 0.080 0.128 0.007 0.087 0.033 0.276 
272 Mara_Mara4_    (0)    2 :  0.093 0.009 0.297 0.081 0.110 0.007 0.088 0.034 0.282 
273 Mara_Mara4_    (0)    2 :  0.076 0.015 0.308 0.086 0.094 0.007 0.092 0.036 0.286 
274 Mara_Mara4_    (0)    2 :  0.084 0.009 0.304 0.082 0.105 0.006 0.090 0.035 0.287 
275 Mara_Mara5_    (0)    2 :  0.084 0.010 0.301 0.080 0.105 0.007 0.087 0.033 0.293 
276 Mara_Mara5_    (0)    2 :  0.078 0.011 0.305 0.086 0.103 0.007 0.093 0.036 0.281 
277 Mara_Mara5_    (0)    2 :  0.084 0.014 0.292 0.085 0.135 0.007 0.090 0.035 0.257 
278 MBO_MBO1    (0)    2 :  0.103 0.009 0.292 0.086 0.120 0.008 0.090 0.036 0.258 
279 MBO_MBO2    (0)    2 :  0.085 0.011 0.291 0.081 0.139 0.007 0.087 0.033 0.265 
280 MBO_MBO3    (0)    2 :  0.084 0.008 0.305 0.083 0.101 0.006 0.090 0.035 0.289 
281 MBO_MBO4    (0)    2 :  0.080 0.010 0.297 0.080 0.126 0.008 0.086 0.033 0.279 
282 MBO_MBO6    (0)    2 :  0.089 0.009 0.297 0.083 0.121 0.006 0.089 0.035 0.271 
283 MBO_MBO7    (0)    2 :  0.075 0.011 0.309 0.083 0.094 0.006 0.091 0.035 0.297 
284 MBO_MBO8    (0)    2 :  0.099 0.009 0.290 0.085 0.132 0.007 0.090 0.035 0.255 
285 MBO_MBO9    (0)    2 :  0.110 0.011 0.289 0.082 0.122 0.007 0.088 0.034 0.257 
286 MBO_MBO10    (0)    2 :  0.084 0.009 0.302 0.085 0.114 0.007 0.092 0.035 0.271 
287 MBO_MBO11    (0)    2 :  0.071 0.010 0.304 0.097 0.109 0.007 0.098 0.040 0.263 
288 MBO_MBO12    (0)    2 :  0.075 0.009 0.309 0.094 0.096 0.007 0.098 0.039 0.272 
289 MBO_MBO13    (0)    2 :  0.083 0.008 0.305 0.087 0.103 0.007 0.094 0.036 0.277 
290 MBO_MBO14    (0)    2 :  0.076 0.010 0.303 0.080 0.110 0.006 0.087 0.033 0.294 
291 MBO_MBO15    (0)    2 :  0.095 0.010 0.295 0.083 0.116 0.007 0.090 0.034 0.270 
292 MBO_MBO16    (0)    2 :  0.085 0.008 0.302 0.087 0.106 0.007 0.094 0.036 0.275 
293 MBO_MBO17    (0)    2 :  0.098 0.010 0.299 0.085 0.099 0.007 0.091 0.035 0.274 
294 MBO_MBO18    (0)    2 :  0.090 0.010 0.292 0.086 0.129 0.007 0.091 0.036 0.258 
295 MBO_MBO19    (0)    2 :  0.095 0.009 0.299 0.091 0.110 0.007 0.094 0.038 0.257 
296 MBO_MBO20    (0)    2 :  0.077 0.015 0.300 0.082 0.113 0.006 0.089 0.034 0.285 
297 MBO_MBO21    (0)    2 :  0.079 0.009 0.306 0.083 0.106 0.007 0.092 0.035 0.282 
298 MBO_MBO22    (0)    2 :  0.080 0.010 0.307 0.083 0.106 0.007 0.091 0.035 0.282 
299 MBO_MBO23    (0)    2 :  0.078 0.011 0.300 0.080 0.114 0.007 0.087 0.033 0.288 
300 MBO_MBO24    (0)    2 :  0.078 0.010 0.305 0.085 0.100 0.007 0.092 0.035 0.288 
301 MBO_MBO25    (0)    2 :  0.085 0.009 0.306 0.083 0.098 0.006 0.091 0.034 0.286 
302 MBO_MBO26    (0)    2 :  0.074 0.009 0.304 0.084 0.118 0.007 0.091 0.035 0.278 
303 MBO_MBO27    (0)    2 :  0.084 0.011 0.301 0.083 0.111 0.008 0.089 0.035 0.279 
304 MBO_MBO28    (0)    2 :  0.082 0.014 0.303 0.087 0.104 0.007 0.093 0.036 0.275 
305 MBO_MBO29    (0)    2 :  0.086 0.013 0.300 0.087 0.111 0.007 0.093 0.036 0.267 
306 MBO_MBO30    (0)    2 :  0.084 0.010 0.303 0.084 0.101 0.010 0.090 0.035 0.285 
307 MBO_MBO31    (0)    2 :  0.085 0.009 0.296 0.086 0.128 0.009 0.091 0.036 0.261 
308 MBO_MBO32    (0)    2 :  0.081 0.010 0.306 0.088 0.101 0.007 0.094 0.037 0.277 
309 MBO_MBO33    (0)    2 :  0.101 0.010 0.297 0.087 0.111 0.007 0.093 0.036 0.257 
310 MBO_MBO34    (0)    2 :  0.087 0.011 0.304 0.081 0.101 0.007 0.088 0.033 0.289 
311 MBO_MBO35    (0)    2 :  0.081 0.008 0.307 0.094 0.099 0.007 0.099 0.040 0.264 
312 MBO_MBO36    (0)    2 :  0.080 0.013 0.304 0.090 0.106 0.008 0.095 0.038 0.267 
313 MBO_MBO37    (0)    2 :  0.085 0.010 0.296 0.082 0.125 0.007 0.088 0.034 0.274 
314 MBO_MBO38    (0)    2 :  0.104 0.009 0.297 0.084 0.112 0.007 0.091 0.035 0.261 
315 MBO_MBO39    (0)    2 :  0.077 0.008 0.306 0.081 0.099 0.007 0.088 0.034 0.301 
316 MBO_MBO40    (0)    2 :  0.079 0.009 0.299 0.080 0.118 0.007 0.087 0.033 0.289 
317 MBO_MBO41    (0)    2 :  0.101 0.008 0.293 0.082 0.121 0.006 0.089 0.034 0.267 
318 MBO_MBO42    (0)    2 :  0.088 0.010 0.298 0.083 0.110 0.007 0.090 0.035 0.278 
319 MBO_MBO43    (0)    2 :  0.081 0.008 0.310 0.090 0.091 0.008 0.096 0.038 0.278 
320 MBO_MBO44    (0)    2 :  0.086 0.009 0.301 0.086 0.112 0.008 0.092 0.036 0.270 
321 MBO_MBO45    (0)    2 :  0.097 0.009 0.294 0.082 0.122 0.007 0.089 0.034 0.267 
322 MBO_MBO46    (0)    2 :  0.089 0.009 0.300 0.085 0.111 0.007 0.092 0.035 0.273 
323 MBO_MBO47    (0)    2 :  0.079 0.009 0.299 0.088 0.118 0.007 0.093 0.036 0.270 
324 MBO_MBO48    (0)    2 :  0.081 0.008 0.303 0.085 0.108 0.007 0.091 0.035 0.281 
325 MBO_MBO49    (0)    2 :  0.091 0.010 0.301 0.090 0.108 0.007 0.095 0.037 0.263 
326 MBO_MBO50    (0)    2 :  0.079 0.009 0.306 0.084 0.101 0.006 0.092 0.035 0.287 
327 MBO_MBO51    (0)    2 :  0.077 0.010 0.308 0.087 0.095 0.007 0.093 0.036 0.286 
328 QBW_QBW1    (0)    2 :  0.101 0.009 0.302 0.080 0.100 0.006 0.087 0.034 0.281 
329 QBW_QBW2    (0)    2 :  0.087 0.009 0.305 0.083 0.092 0.007 0.091 0.034 0.292 
330 QBW_QBW3    (0)    2 :  0.078 0.009 0.300 0.080 0.119 0.007 0.087 0.033 0.288 
331 QBW_QBW4    (0)    2 :  0.100 0.012 0.286 0.081 0.142 0.006 0.087 0.033 0.252 
332 QBW_QBW5    (0)    2 :  0.076 0.012 0.305 0.085 0.107 0.007 0.092 0.035 0.282 
333 QBW_QBW6    (0)    2 :  0.080 0.010 0.304 0.079 0.101 0.007 0.087 0.033 0.299 
334 QBW_QBW7    (0)    2 :  0.102 0.009 0.294 0.082 0.114 0.007 0.089 0.034 0.268 
335 QBW_QBW8    (0)    2 :  0.081 0.010 0.299 0.085 0.120 0.007 0.091 0.036 0.271 
336 QBW_QBW9    (0)    2 :  0.081 0.018 0.300 0.090 0.116 0.007 0.096 0.038 0.255 
337 QBW_QBW10    (0)    2 :  0.081 0.010 0.299 0.082 0.118 0.007 0.090 0.035 0.278 
338 QBW_QBW11    (0)    2 :  0.089 0.009 0.301 0.086 0.108 0.007 0.091 0.036 0.274 
339 QBW_QBW12    (0)    2 :  0.082 0.009 0.294 0.082 0.134 0.007 0.088 0.034 0.270 
340 QBW_QBW13    (0)    2 :  0.081 0.010 0.302 0.084 0.112 0.007 0.091 0.035 0.279 
341 QBW_QBW14    (0)    2 :  0.080 0.009 0.307 0.084 0.101 0.007 0.091 0.036 0.284 
342 QBW_QBW15    (0)    2 :  0.090 0.011 0.296 0.082 0.114 0.007 0.088 0.034 0.279 
343 QBW_QBW16    (0)    2 :  0.096 0.010 0.296 0.085 0.117 0.007 0.092 0.035 0.263 
344 QBW_QBW17    (0)    2 :  0.088 0.010 0.292 0.079 0.128 0.007 0.086 0.032 0.278 
345 QBW_QBW18    (0)    2 :  0.092 0.008 0.301 0.084 0.104 0.007 0.091 0.035 0.278 
346 QBW_QBW19    (0)    2 :  0.079 0.009 0.310 0.085 0.093 0.007 0.092 0.035 0.290 
347 QBW_QBW20    (0)    2 :  0.087 0.009 0.304 0.084 0.096 0.008 0.091 0.035 0.287 
348 QBW_QBW21    (0)    2 :  0.081 0.008 0.299 0.082 0.122 0.007 0.088 0.034 0.278 
349 QBW_QBW22    (0)    2 :  0.083 0.010 0.300 0.082 0.113 0.007 0.089 0.034 0.281 
350 QBW_QBW23    (0)    2 :  0.078 0.008 0.307 0.087 0.107 0.007 0.093 0.037 0.275 
351 QBW_QBW24    (0)    2 :  0.073 0.009 0.308 0.085 0.102 0.006 0.091 0.035 0.291 
352 QBW_QBW25    (0)    2 :  0.089 0.013 0.300 0.086 0.106 0.007 0.092 0.036 0.271 
353 QBW_QBW26    (0)    2 :  0.088 0.011 0.300 0.083 0.110 0.007 0.089 0.034 0.279 
354 QBW_QBW27    (0)    2 :  0.077 0.009 0.304 0.081 0.105 0.006 0.089 0.034 0.293 
355 QBW_QBW28    (0)    2 :  0.081 0.009 0.302 0.090 0.110 0.007 0.093 0.038 0.271 
356 QBW_QBW29    (0)    2 :  0.087 0.008 0.300 0.085 0.117 0.006 0.093 0.036 0.267 
357 QBW_QBW30    (0)    2 :  0.084 0.009 0.303 0.085 0.105 0.007 0.092 0.036 0.278 
358 QBW_QBW31    (0)    2 :  0.103 0.009 0.296 0.078 0.106 0.006 0.086 0.032 0.283 
359 QBW_QBW32    (0)    2 :  0.096 0.010 0.296 0.085 0.117 0.007 0.091 0.035 0.263 
360 QBW_QBW33    (0)    2 :  0.088 0.010 0.292 0.079 0.128 0.007 0.086 0.032 0.278 
361 QBW_QBW34    (0)    2 :  0.093 0.008 0.300 0.086 0.104 0.008 0.092 0.035 0.274 
362 QBW_QBW35    (0)    2 :  0.079 0.009 0.310 0.085 0.093 0.007 0.092 0.036 0.289 
363 QBW_QBW36    (0)    2 :  0.087 0.009 0.304 0.084 0.096 0.008 0.091 0.035 0.287 
364 QBW_QBW37    (0)    2 :  0.078 0.012 0.306 0.090 0.102 0.007 0.095 0.038 0.273 
365 QBW_QBW38    (0)    2 :  0.080 0.011 0.300 0.082 0.112 0.007 0.088 0.034 0.286 
366 QBW_QBW39    (0)    2 :  0.089 0.010 0.299 0.081 0.108 0.008 0.088 0.034 0.284 
367 QBW_QBW40    (0)    2 :  0.079 0.010 0.305 0.085 0.107 0.007 0.092 0.036 0.279 
368 QBW_QBW41    (0)    2 :  0.072 0.013 0.300 0.085 0.120 0.007 0.091 0.035 0.277 
369 QBW_QBW42    (0)    2 :  0.095 0.008 0.300 0.088 0.111 0.007 0.095 0.037 0.261 
370 QBW_QBW43    (0)    2 :  0.079 0.022 0.304 0.091 0.099 0.007 0.097 0.038 0.263 
371 QBW_QBW44    (0)    2 :  0.083 0.013 0.304 0.089 0.101 0.007 0.095 0.037 0.271 
372 QBW_QBW45    (0)    2 :  0.093 0.016 0.301 0.088 0.100 0.008 0.094 0.037 0.263 
373 QBW_QBW46    (0)    2 :  0.090 0.008 0.304 0.082 0.098 0.007 0.089 0.034 0.288 
374 QBW_QBW47    (0)    2 :  0.097 0.011 0.300 0.092 0.104 0.007 0.096 0.038 0.256 
375 QBW_QBW48    (0)    2 :  0.082 0.008 0.306 0.081 0.102 0.007 0.089 0.034 0.291 
376 QBW_QBW49    (0)    2 :  0.074 0.013 0.295 0.084 0.131 0.006 0.089 0.035 0.272 
377 QBW_QBW50    (0)    2 :  0.094 0.009 0.296 0.083 0.121 0.006 0.090 0.034 0.267 
378 QBW_QBW51    (0)    2 :  0.104 0.010 0.283 0.079 0.150 0.006 0.085 0.033 0.251 
379 QBW_QBW52    (0)    2 :  0.085 0.008 0.307 0.084 0.097 0.007 0.092 0.035 0.285 
380 QBW_QBW53    (0)    2 :  0.097 0.009 0.297 0.087 0.114 0.007 0.092 0.037 0.260 
381 QBW_QBW54    (0)    2 :  0.083 0.010 0.300 0.077 0.111 0.007 0.085 0.032 0.296 
382 Ten_Ten1    (0)    2 :  0.080 0.013 0.309 0.088 0.095 0.007 0.094 0.037 0.278 
383 Ten_Ten2    (0)    2 :  0.076 0.009 0.305 0.080 0.105 0.006 0.089 0.033 0.298 
384 Ten_Ten3    (0)    2 :  0.084 0.012 0.304 0.087 0.104 0.007 0.094 0.036 0.271 
385 Ten_Ten4    (0)    2 :  0.095 0.008 0.299 0.087 0.113 0.007 0.093 0.036 0.263 
386 Ten_Ten5    (0)    2 :  0.087 0.009 0.305 0.079 0.096 0.007 0.087 0.033 0.298 
387 Ten_Ten6    (0)    2 :  0.077 0.009 0.309 0.079 0.097 0.006 0.087 0.032 0.305 
388 Ten_Ten7    (0)    2 :  0.085 0.014 0.284 0.086 0.158 0.008 0.090 0.036 0.239 
389 Ten_Ten8    (0)    2 :  0.091 0.009 0.299 0.084 0.106 0.010 0.090 0.035 0.275 
390 Ten_Ten9    (0)    2 :  0.086 0.010 0.297 0.079 0.117 0.007 0.086 0.033 0.285 
391 Ten_Ten10    (0)    2 :  0.088 0.010 0.295 0.081 0.123 0.007 0.088 0.034 0.276 
392 Ten_Ten11    (0)    2 :  0.084 0.015 0.303 0.086 0.102 0.008 0.092 0.036 0.275 
393 Ten_Ten12    (0)    2 :  0.085 0.011 0.301 0.084 0.114 0.006 0.091 0.035 0.273 
394 Ten_Ten13    (0)    2 :  0.092 0.015 0.298 0.083 0.106 0.007 0.089 0.034 0.276 
395 Ten_Ten14    (0)    2 :  0.090 0.009 0.297 0.082 0.119 0.007 0.089 0.034 0.273 
396 Ten_Ten15    (0)    2 :  0.088 0.009 0.294 0.078 0.129 0.007 0.085 0.032 0.279 
397 Ten_Ten16    (0)    2 :  0.076 0.010 0.307 0.082 0.100 0.007 0.089 0.034 0.296 
398 Ten_Ten17    (0)    2 :  0.106 0.008 0.296 0.084 0.113 0.007 0.091 0.035 0.260 
399 Ten_Ten18    (0)    2 :  0.077 0.013 0.300 0.083 0.118 0.007 0.090 0.035 0.278 
400 Ten_Ten19    (0)    2 :  0.097 0.010 0.298 0.084 0.109 0.006 0.091 0.035 0.271 
401 Ten_Ten20    (0)    2 :  0.084 0.010 0.299 0.080 0.114 0.006 0.088 0.033 0.287 
402 Ten_Ten21    (0)    2 :  0.090 0.008 0.297 0.086 0.122 0.008 0.092 0.036 0.262 
403 Ten_Ten22    (0)    2 :  0.095 0.009 0.303 0.082 0.094 0.007 0.090 0.035 0.286 
404 Ten_Ten23    (0)    2 :  0.090 0.009 0.292 0.081 0.135 0.006 0.087 0.034 0.266 
405 Ten_Ten24    (0)    2 :  0.078 0.009 0.298 0.082 0.124 0.006 0.089 0.034 0.279 
406 Ten_Ten25    (0)    2 :  0.080 0.013 0.303 0.085 0.108 0.007 0.091 0.035 0.279 
407 Ten_Ten26    (0)    2 :  0.093 0.009 0.294 0.081 0.125 0.006 0.088 0.034 0.270 
408 Ten_Ten27    (0)    2 :  0.100 0.009 0.299 0.082 0.106 0.007 0.089 0.034 0.273 
409 Ten_Ten28    (0)    2 :  0.082 0.010 0.294 0.086 0.134 0.007 0.090 0.036 0.261 
410 Ten_Ten29    (0)    2 :  0.078 0.008 0.307 0.082 0.098 0.007 0.089 0.034 0.298 
411 Ten_Ten30    (0)    2 :  0.079 0.009 0.306 0.081 0.098 0.007 0.089 0.034 0.298 
412 Ten_Ten31    (0)    2 :  0.099 0.010 0.293 0.087 0.119 0.006 0.092 0.036 0.258 
413 Ten_Ten32    (0)    2 :  0.086 0.009 0.300 0.082 0.107 0.007 0.089 0.034 0.287 
414 Ten_Ten33    (0)    2 :  0.090 0.010 0.294 0.088 0.127 0.007 0.094 0.037 0.254 
415 Ten_Ten34    (0)    2 :  0.083 0.009 0.310 0.092 0.092 0.007 0.099 0.039 0.271 
416 Ten_Ten35    (0)    2 :  0.100 0.008 0.303 0.088 0.093 0.007 0.095 0.037 0.268 
417 Ten_Ten36    (0)    2 :  0.089 0.013 0.297 0.089 0.119 0.006 0.095 0.037 0.254 
418 Ten_Ten37    (0)    2 :  0.079 0.008 0.314 0.087 0.090 0.007 0.094 0.037 0.286 
419 Ten_Ten38    (0)    2 :  0.075 0.010 0.307 0.085 0.103 0.007 0.092 0.036 0.285 
420 Ten_Ten39    (0)    2 :  0.081 0.015 0.300 0.082 0.110 0.006 0.088 0.034 0.284 
421 Ten_Ten40    (0)    2 :  0.081 0.008 0.301 0.079 0.109 0.007 0.086 0.032 0.296 
422 Ten_Ten41    (0)    2 :  0.082 0.008 0.303 0.082 0.109 0.006 0.089 0.034 0.287 
423 Ten_Ten42    (0)    2 :  0.092 0.021 0.293 0.084 0.115 0.007 0.090 0.035 0.263 
424 Ten_Ten43    (0)    2 :  0.084 0.009 0.309 0.085 0.095 0.007 0.093 0.036 0.282 
425 Ten_Ten44    (0)    2 :  0.078 0.015 0.302 0.084 0.106 0.007 0.091 0.035 0.282 
426 Ten_Ten45    (0)    2 :  0.075 0.008 0.307 0.079 0.100 0.007 0.087 0.033 0.303 
427 Ten_Ten46    (0)    2 :  0.094 0.008 0.295 0.083 0.116 0.007 0.090 0.034 0.273 
428 Ten_Ten47    (0)    2 :  0.109 0.008 0.296 0.087 0.105 0.006 0.094 0.036 0.258 
429 Ten_Ten48    (0)    2 :  0.077 0.012 0.302 0.080 0.112 0.006 0.088 0.033 0.289 
