

----------------------------------------------------
STRUCTURE by Pritchard, Stephens and Donnelly (2000)
     and Falush, Stephens and Pritchard (2003)
       Code by Pritchard, Falush and Hubisz
             Version 2.3.4 (Jul 2012)
----------------------------------------------------



Command line arguments:   /opt/anaconda3/bin/structure -K 3 -i /data/home/edc5240/Daruanus/Daruanus_All_8locus_stru.txt -o /data/home/edc5240/Daruanus/output/str_K3_rep5 -D 6340341 -m /data/home/edc5240/Daruanus/mainparams -e /data/home/edc5240/Daruanus/extraparams 
Input File:    /data/home/edc5240/Daruanus/Daruanus_All_8locus_stru.txt

Run parameters:
   1358 individuals
   8 loci
   3 populations assumed
   250000 Burn-in period
   1000000 Reps
LOCPRIOR model used
RANDOMIZE turned off


--------------------------------------------
Proportion of membership of each pre-defined
 population in each of the 3 clusters

Given    Inferred Clusters       Number of
 Pop       1      2      3      Individuals

  1:     0.018  0.011  0.971       72
  2:     0.143  0.027  0.831      414
  3:     0.798  0.124  0.078      358
  4:     0.091  0.890  0.019      441
  5:     0.073  0.915  0.013       73
--------------------------------------------

Allele-freq. divergence among pops (Net nucleotide distance),
computed using point estimates of P.

      1       2       3      
 1      -    0.0380  0.0352  
 2   0.0380     -    0.0415  
 3   0.0352  0.0415     -    

Average distances (expected heterozygosity) between individuals in same cluster:
cluster  1  : 0.8195 
cluster  2  : 0.8345 
cluster  3  : 0.9075 

--------------------------------------------
Estimated Ln Prob of Data   = -55542.9
Mean value of ln likelihood = -55055.5
Variance of ln likelihood   = 974.8
Mean value of alpha         = 5.5742

Mean value of alpha_local for each location:
	location  1:  0.2643  0.1619  13.9354
	location  2:  2.5635  0.4762  14.4974
	location  3:  20.1203  3.1848  1.9872
	location  4:  1.2399  11.6751  0.2418
	location  5:  0.7397  9.0304  0.1405

Mean value of Fst_1         = 0.0464
Mean value of Fst_2         = 0.0679
Mean value of Fst_3         = 0.0056

Mean value of r = 0.0990

Inferred ancestry of individuals:
        Label (%Miss) Pop:  Inferred clusters
  1 Lion_Lion1    (0)    1 :  0.016 0.010 0.973 
  2 Lion_Lion2    (0)    1 :  0.025 0.013 0.962 
  3 Lion_Lion3    (0)    1 :  0.021 0.014 0.965 
  4 Lion_Lion4    (0)    1 :  0.018 0.014 0.968 
  5 Lion_Lion5    (0)    1 :  0.015 0.010 0.975 
  6 Lion_Lion6    (0)    1 :  0.015 0.008 0.977 
  7 Lion_Lion7    (0)    1 :  0.017 0.010 0.974 
  8 Lion_Lion8    (0)    1 :  0.017 0.011 0.972 
  9 Lion_Lion9    (0)    1 :  0.025 0.024 0.951 
 10 Lion_Lion10    (0)    1 :  0.011 0.007 0.982 
 11 Lion_Lion11    (0)    1 :  0.021 0.010 0.969 
 12 Lion_Lion13    (0)    1 :  0.017 0.013 0.970 
 13 Lion_Lion14    (0)    1 :  0.016 0.014 0.970 
 14 Lion_Lion15    (0)    1 :  0.014 0.009 0.977 
 15 Lion_Lion16    (0)    1 :  0.013 0.007 0.979 
 16 Lion_Lion17    (0)    1 :  0.016 0.010 0.974 
 17 Lion_Lion18    (0)    1 :  0.014 0.007 0.979 
 18 Lion_Lion19    (0)    1 :  0.028 0.013 0.959 
 19 Lion_Lion20    (0)    1 :  0.021 0.012 0.967 
 20 Lion_Lion21    (0)    1 :  0.013 0.008 0.978 
 21 Lion_Lion22    (0)    1 :  0.014 0.008 0.979 
 22 Lion_Lion23    (0)    1 :  0.013 0.008 0.979 
 23 Lion_Lion24    (0)    1 :  0.026 0.009 0.965 
 24 Lion_Lion25    (0)    1 :  0.021 0.012 0.967 
 25 Lion_Lion26    (0)    1 :  0.014 0.010 0.976 
 26 Lion_Lion27    (0)    1 :  0.018 0.009 0.974 
 27 Lion_Lion28    (0)    1 :  0.015 0.012 0.973 
 28 Lion_Lion29    (0)    1 :  0.012 0.007 0.981 
 29 Lion_Lion30    (0)    1 :  0.020 0.012 0.968 
 30 Lion_Lion31    (0)    1 :  0.016 0.008 0.976 
 31 Lion_Lion32    (0)    1 :  0.010 0.006 0.983 
 32 Lion_Lion33    (0)    1 :  0.014 0.010 0.976 
 33 Lion_Lion34    (0)    1 :  0.012 0.012 0.976 
 34 Lion_Lion36    (0)    1 :  0.016 0.008 0.976 
 35 Lion_Lion38    (0)    1 :  0.017 0.006 0.976 
 36 Lion_Lion39    (0)    1 :  0.013 0.008 0.979 
 37 Lion_Lion40    (0)    1 :  0.027 0.010 0.963 
 38 Lion_Lion41    (0)    1 :  0.024 0.009 0.968 
 39 Lion_Lion42    (0)    1 :  0.017 0.008 0.975 
 40 Lion_Lion43    (0)    1 :  0.016 0.010 0.973 
 41 Lion_Lion44    (0)    1 :  0.023 0.008 0.969 
 42 Lion_Lion45    (0)    1 :  0.018 0.018 0.964 
 43 Lion_Lion46    (0)    1 :  0.024 0.019 0.957 
 44 Lion_Lion47    (0)    1 :  0.022 0.012 0.966 
 45 Lion_Lion48    (0)    1 :  0.017 0.008 0.975 
 46 Lion_Lion49    (0)    1 :  0.019 0.009 0.972 
 47 Lion_Lion50    (0)    1 :  0.018 0.009 0.973 
 48 Lion_Lion51    (0)    1 :  0.015 0.007 0.978 
 49 Lion_Lion52    (0)    1 :  0.021 0.010 0.969 
 50 Lolo_Lolo1    (0)    1 :  0.023 0.012 0.965 
 51 Lolo_Lolo2    (0)    1 :  0.018 0.014 0.968 
 52 Lolo_Lolo3    (0)    1 :  0.019 0.010 0.971 
 53 Lolo_Lolo4    (0)    1 :  0.015 0.012 0.973 
 54 Lolo_Lolo5    (0)    1 :  0.025 0.012 0.962 
 55 Lolo_Lolo6    (0)    1 :  0.016 0.020 0.964 
 56 Lolo_Lolo7    (0)    1 :  0.015 0.008 0.976 
 57 Lolo_Lolo8    (0)    1 :  0.018 0.016 0.966 
 58 Lolo_Lolo9    (0)    1 :  0.019 0.012 0.969 
 59 Manu_Manu1    (0)    1 :  0.017 0.008 0.974 
 60 Manu_Manu2    (0)    1 :  0.019 0.011 0.970 
 61 Manu_Manu3    (0)    1 :  0.015 0.008 0.978 
 62 Manu_Manu4    (0)    1 :  0.028 0.012 0.960 
 63 Manu_Manu5    (0)    1 :  0.015 0.022 0.963 
 64 Manu_Manu6    (0)    1 :  0.015 0.008 0.978 
 65 Manu_Manu7    (0)    1 :  0.014 0.009 0.977 
 66 Manu_Manu8    (0)    1 :  0.017 0.008 0.975 
 67 Manu_Manu9    (0)    1 :  0.029 0.014 0.957 
 68 Manu_Manu10    (0)    1 :  0.015 0.013 0.973 
 69 Manu_Manu11    (0)    1 :  0.015 0.010 0.975 
 70 Manu_Manu13    (0)    1 :  0.033 0.011 0.956 
 71 Manu_Manu14    (0)    1 :  0.012 0.007 0.981 
 72 Manu_Manu15    (0)    1 :  0.014 0.008 0.977 
 73   Go_Go1    (0)    2 :  0.149 0.026 0.825 
 74   Go_Go2    (0)    2 :  0.163 0.031 0.807 
 75   Go_Go3    (0)    2 :  0.141 0.024 0.835 
 76   Go_Go4    (0)    2 :  0.133 0.021 0.846 
 77   Go_Go5    (0)    2 :  0.144 0.027 0.829 
 78   Go_Go6    (0)    2 :  0.125 0.019 0.855 
 79   Go_Go7    (0)    2 :  0.159 0.022 0.819 
 80   Go_Go8    (0)    2 :  0.139 0.018 0.843 
 81   Go_Go9    (0)    2 :  0.117 0.040 0.843 
 82  Go_Go10    (0)    2 :  0.139 0.023 0.838 
 83  Go_Go11    (0)    2 :  0.146 0.021 0.833 
 84  Go_Go12    (0)    2 :  0.143 0.028 0.829 
 85  Go_Go13    (0)    2 :  0.120 0.026 0.855 
 86  Go_Go14    (0)    2 :  0.146 0.030 0.824 
 87  Go_Go15    (0)    2 :  0.147 0.023 0.830 
 88  Go_Go16    (0)    2 :  0.134 0.022 0.843 
 89  Go_Go17    (0)    2 :  0.143 0.025 0.832 
 90  Go_Go18    (0)    2 :  0.156 0.027 0.817 
 91  Go_Go19    (0)    2 :  0.170 0.037 0.793 
 92  Go_Go20    (0)    2 :  0.143 0.019 0.838 
 93  Go_Go21    (0)    2 :  0.134 0.024 0.842 
 94  Go_Go22    (0)    2 :  0.133 0.023 0.844 
 95  Go_Go23    (0)    2 :  0.171 0.029 0.801 
 96  Go_Go24    (0)    2 :  0.134 0.026 0.840 
 97  Go_Go25    (0)    2 :  0.174 0.024 0.802 
 98  Go_Go27    (0)    2 :  0.148 0.050 0.802 
 99  Go_Go28    (0)    2 :  0.143 0.046 0.812 
100  Go_Go29    (0)    2 :  0.209 0.040 0.751 
101  Go_Go30    (0)    2 :  0.104 0.022 0.873 
102  Go_Go31    (0)    2 :  0.178 0.022 0.799 
103  Go_Go32    (0)    2 :  0.162 0.037 0.801 
104  Go_Go33    (0)    2 :  0.116 0.024 0.860 
105  Go_Go34    (0)    2 :  0.165 0.024 0.811 
106  Go_Go35    (0)    2 :  0.161 0.028 0.811 
107  Go_Go36    (0)    2 :  0.167 0.019 0.814 
108  Go_Go37    (0)    2 :  0.138 0.023 0.839 
109  Go_Go38    (0)    2 :  0.115 0.017 0.867 
110  Go_Go39    (0)    2 :  0.193 0.028 0.780 
111  Go_Go40    (0)    2 :  0.156 0.022 0.822 
112  Go_Go41    (0)    2 :  0.158 0.020 0.821 
113  Go_Go42    (0)    2 :  0.232 0.038 0.730 
114  Go_Go43    (0)    2 :  0.195 0.030 0.775 
115  Go_Go44    (0)    2 :  0.135 0.033 0.832 
116  Go_Go45    (0)    2 :  0.135 0.021 0.844 
117  Go_Go46    (0)    2 :  0.148 0.025 0.827 
118  Go_Go47    (0)    2 :  0.137 0.032 0.831 
119  Go_Go48    (0)    2 :  0.125 0.020 0.856 
120  Go_Go49    (0)    2 :  0.131 0.028 0.840 
121  Go_Go50    (0)    2 :  0.134 0.023 0.842 
122  Go_Go51    (0)    2 :  0.094 0.022 0.883 
123  Go_Go52    (0)    2 :  0.129 0.022 0.849 
124  Go_Go53    (0)    2 :  0.126 0.024 0.850 
125  Go_Go54    (0)    2 :  0.118 0.026 0.856 
126  Go_Go55    (0)    2 :  0.109 0.020 0.871 
127  Go_Go56    (0)    2 :  0.140 0.028 0.831 
128 Hie_Hie2    (0)    2 :  0.116 0.027 0.857 
129 Hie_Hie3    (0)    2 :  0.149 0.035 0.815 
130 Hie_Hie4    (0)    2 :  0.177 0.026 0.797 
131 Hie_Hie5    (0)    2 :  0.135 0.022 0.843 
132 Hie_Hie6    (0)    2 :  0.143 0.027 0.830 
133 Hie_Hie7    (0)    2 :  0.151 0.035 0.814 
134 Hie_Hie8    (0)    2 :  0.152 0.026 0.821 
135 Hie_Hie9    (0)    2 :  0.135 0.026 0.839 
136 Hie_Hie11    (0)    2 :  0.195 0.029 0.776 
137 Hie_Hie12    (0)    2 :  0.127 0.023 0.850 
138 Hie_Hie13    (0)    2 :  0.139 0.021 0.840 
139 Hie_Hie14    (0)    2 :  0.116 0.019 0.865 
140 Hie_Hie15    (0)    2 :  0.143 0.031 0.826 
141 Hie_Hie16    (0)    2 :  0.110 0.020 0.870 
142 Hie_Hie17    (0)    2 :  0.222 0.043 0.734 
143 Hie_Hie18    (0)    2 :  0.132 0.021 0.847 
144 Hie_Hie19    (0)    2 :  0.179 0.027 0.794 
145 Hie_Hie20    (0)    2 :  0.144 0.037 0.819 
146 Hie_Hie21    (0)    2 :  0.157 0.023 0.820 
147 Hie_Hie22    (0)    2 :  0.140 0.026 0.834 
148 Hie_Hie23    (0)    2 :  0.115 0.020 0.865 
149 Hie_Hie24    (0)    2 :  0.128 0.023 0.849 
150 Hie_Hie25    (0)    2 :  0.160 0.025 0.815 
151 Hie_Hie26    (0)    2 :  0.114 0.019 0.867 
152 Hie_Hie27    (0)    2 :  0.146 0.022 0.832 
153 Hie_Hie28    (0)    2 :  0.140 0.037 0.823 
154 Hie_Hie29    (0)    2 :  0.145 0.047 0.807 
155 Hie_Hie30    (0)    2 :  0.124 0.025 0.851 
156 Hie_Hie31    (0)    2 :  0.127 0.028 0.845 
157 Hie_Hie32    (0)    2 :  0.118 0.024 0.857 
158 Hie_Hie33    (0)    2 :  0.149 0.027 0.824 
159 Hie_Hie34    (0)    2 :  0.149 0.026 0.826 
160 Hie_Hie35    (0)    2 :  0.150 0.021 0.828 
161 Hie_Hie36    (0)    2 :  0.139 0.023 0.839 
162 Hie_Hie37    (0)    2 :  0.142 0.028 0.830 
163 Hie_Hie38    (0)    2 :  0.123 0.032 0.846 
164 Hie_Hie39    (0)    2 :  0.150 0.023 0.828 
165 Hie_Hie40    (0)    2 :  0.131 0.023 0.846 
166 Hie_Hie41    (0)    2 :  0.123 0.026 0.851 
167 Hie_Hie42    (0)    2 :  0.211 0.050 0.739 
168 Hie_Hie43    (0)    2 :  0.150 0.055 0.796 
169 Hie_Hie44    (0)    2 :  0.136 0.017 0.847 
170 Hie_Hie45    (0)    2 :  0.198 0.028 0.774 
171 Hie_Hie46    (0)    2 :  0.139 0.027 0.834 
172 Hie_Hie47    (0)    2 :  0.121 0.019 0.859 
173 Hie_Hie48    (0)    2 :  0.146 0.023 0.831 
174 Hie_Hie49    (0)    2 :  0.121 0.019 0.860 
175 Lar_Lar1    (0)    2 :  0.117 0.019 0.863 
176 Lar_Lar2    (0)    2 :  0.117 0.027 0.856 
177 Lar_Lar3    (0)    2 :  0.161 0.042 0.797 
178 Lar_Lar4    (0)    2 :  0.148 0.029 0.823 
179 Lar_Lar5    (0)    2 :  0.135 0.024 0.841 
180 Lar_Lar6    (0)    2 :  0.120 0.024 0.857 
181 Lar_Lar7    (0)    2 :  0.195 0.033 0.772 
182 Lar_Lar8    (0)    2 :  0.162 0.024 0.814 
183 Lar_Lar10    (0)    2 :  0.148 0.030 0.823 
184 Lar_Lar11    (0)    2 :  0.132 0.034 0.833 
185 Lar_Lar12    (0)    2 :  0.174 0.031 0.795 
186 Lar_Lar14    (0)    2 :  0.140 0.021 0.839 
187 Lar_Lar15    (0)    2 :  0.132 0.027 0.841 
188 Lar_Lar16    (0)    2 :  0.129 0.025 0.846 
189 Lar_Lar17    (0)    2 :  0.204 0.022 0.774 
190 Lar_Lar18    (0)    2 :  0.148 0.024 0.828 
191 Lar_Lar19    (0)    2 :  0.131 0.026 0.843 
192 Lar_Lar20    (0)    2 :  0.168 0.049 0.783 
193 Lar_Lar21    (0)    2 :  0.107 0.018 0.876 
194 Lar_Lar22    (0)    2 :  0.147 0.024 0.829 
195 Lar_Lar23    (0)    2 :  0.118 0.021 0.861 
196 Lar_Lar24    (0)    2 :  0.149 0.025 0.826 
197 Lar_Lar25    (0)    2 :  0.138 0.036 0.826 
198 Lar_Lar26    (0)    2 :  0.139 0.029 0.832 
199 Lar_Lar27    (0)    2 :  0.148 0.024 0.828 
200 Lar_Lar28    (0)    2 :  0.119 0.030 0.850 
201 Lar_Lar29    (0)    2 :  0.120 0.023 0.857 
202 Lar_Lar30    (0)    2 :  0.149 0.025 0.826 
203 Lar_Lar31    (0)    2 :  0.133 0.026 0.841 
204 Lar_Lar32    (0)    2 :  0.179 0.024 0.797 
205 Lar_Lar33    (0)    2 :  0.147 0.036 0.817 
206 Lar_Lar34    (0)    2 :  0.176 0.021 0.802 
207 Lar_Lar35    (0)    2 :  0.130 0.020 0.850 
208 Lar_Lar36    (0)    2 :  0.142 0.063 0.796 
209 Lar_Lar37    (0)    2 :  0.128 0.022 0.850 
210 Lar_Lar38    (0)    2 :  0.122 0.020 0.858 
211 Lar_Lar39    (0)    2 :  0.152 0.033 0.816 
212 Lar_Lar40    (0)    2 :  0.147 0.023 0.831 
213 Lar_Lar41    (0)    2 :  0.107 0.019 0.874 
214 Lar_Lar42    (0)    2 :  0.121 0.029 0.850 
215 Lar_Lar43    (0)    2 :  0.203 0.049 0.748 
216 Lar_Lar44    (0)    2 :  0.151 0.035 0.814 
217 Lar_Lar45    (0)    2 :  0.141 0.023 0.836 
218 Lar_Lar46    (0)    2 :  0.107 0.019 0.874 
219 Lar_Lar47    (0)    2 :  0.126 0.025 0.848 
220 Lar_Lar48    (0)    2 :  0.160 0.022 0.819 
221 Lar_Lar49    (0)    2 :  0.148 0.040 0.811 
222 Lar_Lar50    (0)    2 :  0.114 0.021 0.865 
223 Lar_Lar51    (0)    2 :  0.159 0.024 0.817 
224 Lar_Lar52    (0)    2 :  0.125 0.023 0.852 
225 Lar_Lar53    (0)    2 :  0.097 0.019 0.884 
226 Mara_Mara1    (0)    2 :  0.120 0.024 0.856 
227 Mara_Mara2    (0)    2 :  0.128 0.022 0.850 
228 Mara_Mara3    (0)    2 :  0.143 0.019 0.838 
229 Mara_Mara4    (0)    2 :  0.126 0.031 0.843 
230 Mara_Mara5    (0)    2 :  0.118 0.020 0.862 
231 Mara_Mara6    (0)    2 :  0.123 0.027 0.851 
232 Mara_Mara7    (0)    2 :  0.121 0.026 0.853 
233 Mara_Mara8    (0)    2 :  0.154 0.023 0.823 
234 Mara_Mara9    (0)    2 :  0.120 0.018 0.862 
235 Mara_Mara1_    (0)    2 :  0.178 0.044 0.778 
236 Mara_Mara1_    (0)    2 :  0.151 0.039 0.810 
237 Mara_Mara1_    (0)    2 :  0.143 0.027 0.830 
238 Mara_Mara1_    (0)    2 :  0.117 0.029 0.853 
239 Mara_Mara1_    (0)    2 :  0.131 0.064 0.805 
240 Mara_Mara1_    (0)    2 :  0.153 0.027 0.820 
241 Mara_Mara1_    (0)    2 :  0.161 0.026 0.813 
242 Mara_Mara1_    (0)    2 :  0.149 0.024 0.828 
243 Mara_Mara1_    (0)    2 :  0.133 0.028 0.840 
244 Mara_Mara1_    (0)    2 :  0.135 0.023 0.841 
245 Mara_Mara2_    (0)    2 :  0.155 0.026 0.819 
246 Mara_Mara2_    (0)    2 :  0.156 0.041 0.803 
247 Mara_Mara2_    (0)    2 :  0.118 0.019 0.862 
248 Mara_Mara2_    (0)    2 :  0.125 0.024 0.851 
249 Mara_Mara2_    (0)    2 :  0.123 0.026 0.851 
250 Mara_Mara2_    (0)    2 :  0.171 0.024 0.805 
251 Mara_Mara2_    (0)    2 :  0.123 0.020 0.857 
252 Mara_Mara2_    (0)    2 :  0.141 0.023 0.835 
253 Mara_Mara2_    (0)    2 :  0.125 0.043 0.832 
254 Mara_Mara2_    (0)    2 :  0.163 0.044 0.794 
255 Mara_Mara3_    (0)    2 :  0.145 0.069 0.786 
256 Mara_Mara3_    (0)    2 :  0.175 0.033 0.791 
257 Mara_Mara3_    (0)    2 :  0.131 0.022 0.847 
258 Mara_Mara3_    (0)    2 :  0.143 0.027 0.831 
259 Mara_Mara3_    (0)    2 :  0.142 0.039 0.820 
260 Mara_Mara3_    (0)    2 :  0.148 0.033 0.819 
261 Mara_Mara3_    (0)    2 :  0.137 0.032 0.831 
262 Mara_Mara3_    (0)    2 :  0.154 0.022 0.823 
263 Mara_Mara3_    (0)    2 :  0.121 0.019 0.860 
264 Mara_Mara3_    (0)    2 :  0.155 0.024 0.821 
265 Mara_Mara4_    (0)    2 :  0.208 0.030 0.763 
266 Mara_Mara4_    (0)    2 :  0.117 0.021 0.861 
267 Mara_Mara4_    (0)    2 :  0.147 0.023 0.830 
268 Mara_Mara4_    (0)    2 :  0.122 0.027 0.851 
269 Mara_Mara4_    (0)    2 :  0.131 0.021 0.849 
270 Mara_Mara4_    (0)    2 :  0.134 0.021 0.846 
271 Mara_Mara4_    (0)    2 :  0.166 0.023 0.812 
272 Mara_Mara4_    (0)    2 :  0.149 0.022 0.829 
273 Mara_Mara4_    (0)    2 :  0.104 0.036 0.860 
274 Mara_Mara4_    (0)    2 :  0.131 0.021 0.848 
275 Mara_Mara5_    (0)    2 :  0.130 0.025 0.845 
276 Mara_Mara5_    (0)    2 :  0.119 0.026 0.855 
277 Mara_Mara5_    (0)    2 :  0.170 0.043 0.787 
278 MBO_MBO1    (0)    2 :  0.183 0.021 0.796 
279 MBO_MBO2    (0)    2 :  0.179 0.034 0.787 
280 MBO_MBO3    (0)    2 :  0.131 0.018 0.851 
281 MBO_MBO4    (0)    2 :  0.153 0.026 0.822 
282 MBO_MBO6    (0)    2 :  0.162 0.022 0.816 
283 MBO_MBO7    (0)    2 :  0.105 0.025 0.870 
284 MBO_MBO8    (0)    2 :  0.196 0.026 0.778 
285 MBO_MBO9    (0)    2 :  0.196 0.030 0.774 
286 MBO_MBO10    (0)    2 :  0.140 0.023 0.837 
287 MBO_MBO11    (0)    2 :  0.123 0.026 0.851 
288 MBO_MBO12    (0)    2 :  0.109 0.022 0.869 
289 MBO_MBO13    (0)    2 :  0.128 0.020 0.853 
290 MBO_MBO14    (0)    2 :  0.126 0.025 0.850 
291 MBO_MBO15    (0)    2 :  0.163 0.026 0.811 
292 MBO_MBO16    (0)    2 :  0.139 0.019 0.842 
293 MBO_MBO17    (0)    2 :  0.135 0.024 0.841 
294 MBO_MBO18    (0)    2 :  0.172 0.028 0.799 
295 MBO_MBO19    (0)    2 :  0.157 0.023 0.819 
296 MBO_MBO20    (0)    2 :  0.127 0.043 0.831 
297 MBO_MBO21    (0)    2 :  0.124 0.023 0.853 
298 MBO_MBO22    (0)    2 :  0.124 0.024 0.853 
299 MBO_MBO23    (0)    2 :  0.131 0.030 0.840 
300 MBO_MBO24    (0)    2 :  0.117 0.025 0.858 
301 MBO_MBO25    (0)    2 :  0.124 0.022 0.854 
302 MBO_MBO26    (0)    2 :  0.133 0.023 0.844 
303 MBO_MBO27    (0)    2 :  0.139 0.026 0.835 
304 MBO_MBO28    (0)    2 :  0.138 0.034 0.828 
305 MBO_MBO29    (0)    2 :  0.137 0.033 0.830 
306 MBO_MBO30    (0)    2 :  0.117 0.023 0.860 
307 MBO_MBO31    (0)    2 :  0.166 0.024 0.810 
308 MBO_MBO32    (0)    2 :  0.123 0.023 0.854 
309 MBO_MBO33    (0)    2 :  0.158 0.027 0.815 
310 MBO_MBO34    (0)    2 :  0.127 0.026 0.847 
311 MBO_MBO35    (0)    2 :  0.123 0.018 0.859 
312 MBO_MBO36    (0)    2 :  0.124 0.034 0.842 
313 MBO_MBO37    (0)    2 :  0.160 0.027 0.813 
314 MBO_MBO38    (0)    2 :  0.170 0.023 0.807 
315 MBO_MBO39    (0)    2 :  0.118 0.019 0.864 
316 MBO_MBO40    (0)    2 :  0.139 0.025 0.836 
317 MBO_MBO41    (0)    2 :  0.192 0.020 0.789 
318 MBO_MBO42    (0)    2 :  0.144 0.023 0.833 
319 MBO_MBO43    (0)    2 :  0.109 0.017 0.873 
320 MBO_MBO44    (0)    2 :  0.142 0.023 0.834 
321 MBO_MBO45    (0)    2 :  0.170 0.025 0.805 
322 MBO_MBO46    (0)    2 :  0.146 0.023 0.831 
323 MBO_MBO47    (0)    2 :  0.142 0.023 0.835 
324 MBO_MBO48    (0)    2 :  0.130 0.020 0.849 
325 MBO_MBO49    (0)    2 :  0.144 0.024 0.831 
326 MBO_MBO50    (0)    2 :  0.122 0.022 0.856 
327 MBO_MBO51    (0)    2 :  0.110 0.023 0.867 
328 QBW_QBW1    (0)    2 :  0.146 0.021 0.833 
329 QBW_QBW2    (0)    2 :  0.117 0.019 0.864 
330 QBW_QBW3    (0)    2 :  0.140 0.023 0.837 
331 QBW_QBW4    (0)    2 :  0.212 0.038 0.750 
332 QBW_QBW5    (0)    2 :  0.120 0.029 0.851 
333 QBW_QBW6    (0)    2 :  0.116 0.024 0.859 
334 QBW_QBW7    (0)    2 :  0.170 0.022 0.808 
335 QBW_QBW8    (0)    2 :  0.148 0.028 0.824 
336 QBW_QBW9    (0)    2 :  0.133 0.050 0.817 
337 QBW_QBW10    (0)    2 :  0.139 0.027 0.834 
338 QBW_QBW11    (0)    2 :  0.146 0.021 0.833 
339 QBW_QBW12    (0)    2 :  0.168 0.024 0.808 
340 QBW_QBW13    (0)    2 :  0.139 0.024 0.837 
341 QBW_QBW14    (0)    2 :  0.124 0.021 0.855 
342 QBW_QBW15    (0)    2 :  0.148 0.029 0.823 
343 QBW_QBW16    (0)    2 :  0.160 0.028 0.812 
344 QBW_QBW17    (0)    2 :  0.169 0.027 0.804 
345 QBW_QBW18    (0)    2 :  0.138 0.020 0.843 
346 QBW_QBW19    (0)    2 :  0.110 0.021 0.869 
347 QBW_QBW20    (0)    2 :  0.120 0.020 0.860 
348 QBW_QBW21    (0)    2 :  0.152 0.021 0.827 
349 QBW_QBW22    (0)    2 :  0.139 0.025 0.836 
350 QBW_QBW23    (0)    2 :  0.127 0.019 0.854 
351 QBW_QBW24    (0)    2 :  0.113 0.023 0.864 
352 QBW_QBW25    (0)    2 :  0.131 0.032 0.838 
353 QBW_QBW26    (0)    2 :  0.146 0.027 0.828 
354 QBW_QBW27    (0)    2 :  0.122 0.021 0.857 
355 QBW_QBW28    (0)    2 :  0.145 0.021 0.834 
356 QBW_QBW29    (0)    2 :  0.155 0.022 0.823 
357 QBW_QBW30    (0)    2 :  0.133 0.022 0.845 
358 QBW_QBW31    (0)    2 :  0.159 0.023 0.818 
359 QBW_QBW32    (0)    2 :  0.161 0.028 0.812 
360 QBW_QBW33    (0)    2 :  0.168 0.027 0.804 
361 QBW_QBW34    (0)    2 :  0.139 0.020 0.841 
362 QBW_QBW35    (0)    2 :  0.110 0.021 0.869 
363 QBW_QBW36    (0)    2 :  0.120 0.020 0.860 
364 QBW_QBW37    (0)    2 :  0.119 0.029 0.852 
365 QBW_QBW38    (0)    2 :  0.133 0.030 0.836 
366 QBW_QBW39    (0)    2 :  0.140 0.023 0.838 
367 QBW_QBW40    (0)    2 :  0.126 0.025 0.849 
368 QBW_QBW41    (0)    2 :  0.128 0.038 0.834 
369 QBW_QBW42    (0)    2 :  0.158 0.019 0.823 
370 QBW_QBW43    (0)    2 :  0.110 0.056 0.834 
371 QBW_QBW44    (0)    2 :  0.127 0.033 0.840 
372 QBW_QBW45    (0)    2 :  0.135 0.040 0.825 
373 QBW_QBW46    (0)    2 :  0.131 0.019 0.850 
374 QBW_QBW47    (0)    2 :  0.149 0.027 0.824 
375 QBW_QBW48    (0)    2 :  0.124 0.019 0.856 
376 QBW_QBW49    (0)    2 :  0.143 0.043 0.814 
377 QBW_QBW50    (0)    2 :  0.172 0.024 0.804 
378 QBW_QBW51    (0)    2 :  0.233 0.028 0.739 
379 QBW_QBW52    (0)    2 :  0.120 0.018 0.862 
380 QBW_QBW53    (0)    2 :  0.164 0.021 0.815 
381 QBW_QBW54    (0)    2 :  0.139 0.025 0.836 
382 Ten_Ten1    (0)    2 :  0.113 0.029 0.858 
383 Ten_Ten2    (0)    2 :  0.121 0.021 0.858 
384 Ten_Ten3    (0)    2 :  0.126 0.031 0.843 
385 Ten_Ten4    (0)    2 :  0.160 0.021 0.820 
386 Ten_Ten5    (0)    2 :  0.122 0.020 0.858 
387 Ten_Ten6    (0)    2 :  0.111 0.021 0.868 
388 Ten_Ten7    (0)    2 :  0.198 0.047 0.754 
389 Ten_Ten8    (0)    2 :  0.141 0.022 0.837 
390 Ten_Ten9    (0)    2 :  0.149 0.027 0.824 
391 Ten_Ten10    (0)    2 :  0.158 0.026 0.816 
392 Ten_Ten11    (0)    2 :  0.121 0.033 0.846 
393 Ten_Ten12    (0)    2 :  0.144 0.029 0.827 
394 Ten_Ten13    (0)    2 :  0.136 0.037 0.827 
395 Ten_Ten14    (0)    2 :  0.161 0.023 0.817 
396 Ten_Ten15    (0)    2 :  0.168 0.025 0.807 
397 Ten_Ten16    (0)    2 :  0.114 0.023 0.863 
398 Ten_Ten17    (0)    2 :  0.177 0.020 0.803 
399 Ten_Ten18    (0)    2 :  0.134 0.033 0.833 
400 Ten_Ten19    (0)    2 :  0.158 0.025 0.817 
401 Ten_Ten20    (0)    2 :  0.143 0.025 0.833 
402 Ten_Ten21    (0)    2 :  0.167 0.021 0.812 
403 Ten_Ten22    (0)    2 :  0.130 0.019 0.851 
404 Ten_Ten23    (0)    2 :  0.184 0.024 0.792 
405 Ten_Ten24    (0)    2 :  0.148 0.026 0.826 
406 Ten_Ten25    (0)    2 :  0.127 0.033 0.840 
407 Ten_Ten26    (0)    2 :  0.178 0.024 0.799 
408 Ten_Ten27    (0)    2 :  0.154 0.021 0.825 
409 Ten_Ten28    (0)    2 :  0.167 0.031 0.802 
410 Ten_Ten29    (0)    2 :  0.117 0.019 0.864 
411 Ten_Ten30    (0)    2 :  0.117 0.020 0.862 
412 Ten_Ten31    (0)    2 :  0.174 0.028 0.798 
413 Ten_Ten32    (0)    2 :  0.136 0.021 0.842 
414 Ten_Ten33    (0)    2 :  0.171 0.029 0.800 
415 Ten_Ten34    (0)    2 :  0.110 0.019 0.870 
416 Ten_Ten35    (0)    2 :  0.135 0.018 0.847 
417 Ten_Ten36    (0)    2 :  0.160 0.039 0.802 
418 Ten_Ten37    (0)    2 :  0.105 0.018 0.876 
419 Ten_Ten38    (0)    2 :  0.116 0.026 0.859 
420 Ten_Ten39    (0)    2 :  0.127 0.040 0.833 
421 Ten_Ten40    (0)    2 :  0.132 0.020 0.848 
422 Ten_Ten41    (0)    2 :  0.135 0.020 0.846 
423 Ten_Ten42    (0)    2 :  0.149 0.055 0.796 
424 Ten_Ten43    (0)    2 :  0.117 0.021 0.862 
425 Ten_Ten44    (0)    2 :  0.120 0.040 0.840 
426 Ten_Ten45    (0)    2 :  0.116 0.019 0.866 
427 Ten_Ten46    (0)    2 :  0.160 0.022 0.818 
428 Ten_Ten47    (0)    2 :  0.172 0.018 0.810 
429 Ten_Ten48    (0)    2 :  0.129 0.033 0.838 
430 Ten_Ten49    (0)    2 :  0.108 0.022 0.870 
431 Ten_Ten50    (0)    2 :  0.147 0.022 0.832 
432 Ten_Ten51    (0)    2 :  0.112 0.017 0.870 
433 Ten_Ten52    (0)    2 :  0.182 0.035 0.783 
434 Tote_Tote1    (0)    2 :  0.123 0.023 0.854 
435 Tote_Tote2    (0)    2 :  0.203 0.029 0.768 
436 Tote_Tote3    (0)    2 :  0.139 0.022 0.839 
437 Tote_Tote4    (0)    2 :  0.121 0.032 0.847 
438 Tote_Tote5    (0)    2 :  0.134 0.031 0.836 
439 Tote_Tote6    (0)    2 :  0.159 0.026 0.815 
440 Tote_Tote7    (0)    2 :  0.164 0.036 0.800 
441 Tote_Tote8    (0)    2 :  0.106 0.022 0.872 
442 Tote_Tote1_    (0)    2 :  0.158 0.023 0.819 
443 Tote_Tote1_    (0)    2 :  0.119 0.020 0.861 
444 Tote_Tote1_    (0)    2 :  0.170 0.023 0.807 
445 Tote_Tote1_    (0)    2 :  0.156 0.032 0.812 
446 Tote_Tote1_    (0)    2 :  0.166 0.030 0.804 
447 Tote_Tote1_    (0)    2 :  0.151 0.037 0.813 
448 Tote_Tote1_    (0)    2 :  0.195 0.045 0.760 
449 Tote_Tote1_    (0)    2 :  0.222 0.026 0.752 
450 Tote_Tote1_    (0)    2 :  0.121 0.034 0.845 
451 Tote_Tote2_    (0)    2 :  0.146 0.026 0.827 
452 Tote_Tote2_    (0)    2 :  0.138 0.025 0.837 
453 Tote_Tote2_    (0)    2 :  0.162 0.021 0.817 
454 Tote_Tote2_    (0)    2 :  0.128 0.021 0.851 
455 Tote_Tote2_    (0)    2 :  0.138 0.034 0.828 
456 Tote_Tote2_    (0)    2 :  0.122 0.018 0.860 
457 Tote_Tote2_    (0)    2 :  0.128 0.021 0.851 
458 Tote_Tote2_    (0)    2 :  0.131 0.020 0.849 
459 Tote_Tote2_    (0)    2 :  0.141 0.020 0.838 
460 Tote_Tote2_    (0)    2 :  0.121 0.022 0.857 
461 Tote_Tote3_    (0)    2 :  0.213 0.038 0.749 
462 Tote_Tote3_    (0)    2 :  0.110 0.024 0.866 
463 Tote_Tote3_    (0)    2 :  0.138 0.025 0.836 
464 Tote_Tote3_    (0)    2 :  0.139 0.027 0.835 
465 Tote_Tote3_    (0)    2 :  0.150 0.021 0.829 
466 Tote_Tote3_    (0)    2 :  0.134 0.039 0.827 
467 Tote_Tote3_    (0)    2 :  0.138 0.047 0.815 
468 Tote_Tote3_    (0)    2 :  0.149 0.022 0.829 
469 Tote_Tote3_    (0)    2 :  0.152 0.023 0.825 
470 Tote_Tote3_    (0)    2 :  0.198 0.039 0.763 
471 Tote_Tote4_    (0)    2 :  0.149 0.025 0.826 
472 Tote_Tote4_    (0)    2 :  0.120 0.023 0.858 
473 Tote_Tote4_    (0)    2 :  0.115 0.019 0.866 
474 Tote_Tote4_    (0)    2 :  0.170 0.035 0.795 
475 Tote_Tote4_    (0)    2 :  0.161 0.030 0.809 
476 Tote_Tote4_    (0)    2 :  0.149 0.027 0.823 
477 Tote_Tote4_    (0)    2 :  0.167 0.027 0.806 
478 Tote_Tote4_    (0)    2 :  0.115 0.025 0.860 
479 Tote_Tote4_    (0)    2 :  0.111 0.033 0.855 
480 Tote_Tote4_    (0)    2 :  0.113 0.042 0.845 
481 Tote_Tote5_    (0)    2 :  0.158 0.023 0.819 
482 Tote_Tote5_    (0)    2 :  0.162 0.021 0.817 
483 Tote_Tote5_    (0)    2 :  0.155 0.022 0.823 
484 Tote_Tote5_    (0)    2 :  0.116 0.017 0.867 
485 Tote_Tote5_    (0)    2 :  0.146 0.025 0.829 
486 Tote_Tote5_    (0)    2 :  0.124 0.017 0.858 
487 Taga_Taga1    (0)    3 :  0.819 0.117 0.064 
488 Taga_Taga2    (0)    3 :  0.793 0.125 0.081 
489 Taga_Taga3    (0)    3 :  0.829 0.096 0.075 
490 Taga_Taga4    (0)    3 :  0.815 0.115 0.069 
491 Taga_Taga5    (0)    3 :  0.796 0.130 0.074 
492 Taga_Taga6    (0)    3 :  0.785 0.115 0.099 
493 Taga_Taga7    (0)    3 :  0.807 0.114 0.079 
494 Taga_Taga8    (0)    3 :  0.792 0.132 0.076 
495 Taga_Taga9    (0)    3 :  0.829 0.102 0.069 
496 Taga_Taga1_    (0)    3 :  0.774 0.122 0.104 
497 Taga_Taga1_    (0)    3 :  0.754 0.168 0.078 
498 Taga_Taga1_    (0)    3 :  0.795 0.124 0.082 
499 Taga_Taga1_    (0)    3 :  0.819 0.097 0.084 
500 Taga_Taga1_    (0)    3 :  0.810 0.116 0.074 
501 Taga_Taga1_    (0)    3 :  0.822 0.106 0.072 
502 Taga_Taga1_    (0)    3 :  0.782 0.151 0.067 
503 Taga_Taga1_    (0)    3 :  0.771 0.159 0.070 
504 Taga_Taga1_    (0)    3 :  0.794 0.134 0.072 
505 Taga_Taga1_    (0)    3 :  0.799 0.134 0.067 
506 Taga_Taga2_    (0)    3 :  0.806 0.126 0.067 
507 Taga_Taga2_    (0)    3 :  0.824 0.111 0.064 
508 Taga_Taga2_    (0)    3 :  0.776 0.129 0.095 
509 Taga_Taga2_    (0)    3 :  0.778 0.117 0.105 
510 Taga_Taga2_    (0)    3 :  0.811 0.111 0.077 
511 Taga_Taga2_    (0)    3 :  0.810 0.115 0.076 
512 Taga_Taga2_    (0)    3 :  0.818 0.113 0.069 
513 Taga_Taga2_    (0)    3 :  0.809 0.126 0.066 
514 Taga_Taga2_    (0)    3 :  0.823 0.097 0.079 
515 Taga_Taga2_    (0)    3 :  0.789 0.139 0.073 
516 Taga_Taga3_    (0)    3 :  0.786 0.133 0.082 
517 Taga_Taga3_    (0)    3 :  0.830 0.097 0.073 
518 Taga_Taga3_    (0)    3 :  0.823 0.107 0.070 
519 Taga_Taga3_    (0)    3 :  0.793 0.145 0.063 
520 Taga_Taga3_    (0)    3 :  0.783 0.097 0.120 
521 Taga_Taga3_    (0)    3 :  0.818 0.108 0.074 
522 Taga_Taga3_    (0)    3 :  0.812 0.122 0.066 
523 Taga_Taga3_    (0)    3 :  0.798 0.114 0.088 
524 Taga_Taga3_    (0)    3 :  0.790 0.128 0.082 
525 Taga_Taga3_    (0)    3 :  0.810 0.125 0.065 
526 Taga_Taga4_    (0)    3 :  0.807 0.121 0.071 
527 Taga_Taga4_    (0)    3 :  0.820 0.117 0.064 
528 Taga_Taga4_    (0)    3 :  0.825 0.116 0.059 
529 Taga_Taga4_    (0)    3 :  0.768 0.133 0.099 
530 Taga_Taga4_    (0)    3 :  0.808 0.110 0.082 
531 Taga_Taga4_    (0)    3 :  0.818 0.101 0.080 
532 Taga_Taga4_    (0)    3 :  0.770 0.119 0.111 
533 Taga_Taga4_    (0)    3 :  0.807 0.101 0.092 
534 Taga_Taga4_    (0)    3 :  0.769 0.133 0.098 
535 Taga_Taga4_    (0)    3 :  0.780 0.143 0.077 
536 Taga_Taga5_    (0)    3 :  0.821 0.114 0.065 
537 Taga_Taga5_    (0)    3 :  0.799 0.124 0.077 
538 Taga_Taga5_    (0)    3 :  0.811 0.124 0.064 
539 Mata_Mata1    (0)    3 :  0.794 0.135 0.071 
540 Mata_Mata2    (0)    3 :  0.826 0.110 0.064 
541 Mata_Mata3    (0)    3 :  0.805 0.133 0.062 
542 Mata_Mata4    (0)    3 :  0.785 0.144 0.070 
543 Mata_Mata5    (0)    3 :  0.794 0.123 0.082 
544 Mata_Mata6    (0)    3 :  0.821 0.110 0.069 
545 Mata_Mata7    (0)    3 :  0.787 0.125 0.088 
546 Mata_Mata8    (0)    3 :  0.789 0.133 0.078 
547 Mata_Mata9    (0)    3 :  0.763 0.153 0.084 
548 Mata_Mata1_    (0)    3 :  0.787 0.148 0.065 
549 Mata_Mata1_    (0)    3 :  0.799 0.118 0.083 
550 Mata_Mata1_    (0)    3 :  0.785 0.122 0.093 
551 Mata_Mata1_    (0)    3 :  0.771 0.122 0.107 
552 Mata_Mata1_    (0)    3 :  0.806 0.126 0.068 
553 Mata_Mata1_    (0)    3 :  0.730 0.176 0.095 
554 Mata_Mata1_    (0)    3 :  0.789 0.138 0.073 
555 Mata_Mata1_    (0)    3 :  0.798 0.136 0.065 
556 Mata_Mata1_    (0)    3 :  0.784 0.135 0.081 
557 Mata_Mata1_    (0)    3 :  0.811 0.113 0.076 
558 Mata_Mata2_    (0)    3 :  0.761 0.124 0.115 
559 Mata_Mata2_    (0)    3 :  0.804 0.101 0.095 
560 Mata_Mata2_    (0)    3 :  0.791 0.130 0.079 
561 Mata_Mata2_    (0)    3 :  0.754 0.149 0.097 
562 Mata_Mata2_    (0)    3 :  0.790 0.101 0.110 
563 Mata_Mata2_    (0)    3 :  0.811 0.094 0.095 
564 Mata_Mata2_    (0)    3 :  0.816 0.101 0.083 
565 Mata_Mata2_    (0)    3 :  0.821 0.112 0.066 
566 Mata_Mata2_    (0)    3 :  0.745 0.140 0.114 
567 Mata_Mata3_    (0)    3 :  0.817 0.103 0.079 
568 Mata_Mata3_    (0)    3 :  0.792 0.127 0.081 
569 Mata_Mata3_    (0)    3 :  0.802 0.109 0.089 
570 Mata_Mata3_    (0)    3 :  0.815 0.118 0.067 
571 Mata_Mata3_    (0)    3 :  0.817 0.116 0.068 
572 Mata_Mata3_    (0)    3 :  0.788 0.144 0.068 
573 Mata_Mata3_    (0)    3 :  0.779 0.137 0.084 
574 Mata_Mata3_    (0)    3 :  0.798 0.130 0.071 
575 Mata_Mata3_    (0)    3 :  0.838 0.100 0.062 
576 Mata_Mata4_    (0)    3 :  0.814 0.124 0.062 
577 Mata_Mata4_    (0)    3 :  0.807 0.131 0.062 
578 Mata_Mata4_    (0)    3 :  0.816 0.112 0.072 
579 Mata_Mata4_    (0)    3 :  0.810 0.119 0.071 
580 Mata_Mata4_    (0)    3 :  0.771 0.149 0.080 
581 Mata_Mata4_    (0)    3 :  0.834 0.106 0.061 
582 Mata_Mata4_    (0)    3 :  0.801 0.127 0.072 
583 Mata_Mata4_    (0)    3 :  0.800 0.135 0.064 
584 Mata_Mata4_    (0)    3 :  0.801 0.121 0.077 
585 Mata_Mata4_    (0)    3 :  0.810 0.129 0.061 
586 Mata_Mata5_    (0)    3 :  0.772 0.126 0.102 
587 Muaiv_Muai    (0)    3 :  0.790 0.136 0.074 
588 Muaiv_Muai_    (0)    3 :  0.757 0.169 0.074 
589 Muaiv_Muai_    (0)    3 :  0.806 0.117 0.077 
590 Muaiv_Muai_    (0)    3 :  0.763 0.169 0.067 
591 Muaiv_Muai_    (0)    3 :  0.797 0.128 0.075 
592 Muaiv_Muai_    (0)    3 :  0.784 0.136 0.081 
593 Muaiv_Muai_    (0)    3 :  0.801 0.130 0.069 
594 Muaiv_Muai_    (0)    3 :  0.795 0.126 0.079 
595 Muaiv_Muai_    (0)    3 :  0.759 0.177 0.064 
596 Muaiv_Muai_    (0)    3 :  0.812 0.119 0.069 
597 Muaiv_Muai_    (0)    3 :  0.755 0.127 0.118 
598 Muaiv_Muai_    (0)    3 :  0.763 0.167 0.071 
599 Muaiv_Muai_    (0)    3 :  0.782 0.138 0.079 
600 Muaiv_Muai_    (0)    3 :  0.774 0.136 0.090 
601 Muaiv_Muai_    (0)    3 :  0.826 0.110 0.064 
602 Muaiv_Muai_    (0)    3 :  0.808 0.111 0.082 
603 Muaiv_Muai_    (0)    3 :  0.816 0.119 0.065 
604 Muaiv_Muai_    (0)    3 :  0.726 0.137 0.138 
605 Muaiv_Muai_    (0)    3 :  0.790 0.130 0.080 
606 Muaiv_Muai_    (0)    3 :  0.793 0.144 0.062 
607 Muaiv_Muai_    (0)    3 :  0.815 0.123 0.062 
608 Muaiv_Muai_    (0)    3 :  0.776 0.148 0.076 
609 Muaiv_Muai_    (0)    3 :  0.775 0.137 0.087 
610 Muaiv_Muai_    (0)    3 :  0.758 0.160 0.082 
611 Muaiv_Muai_    (0)    3 :  0.787 0.137 0.076 
612 Muaiv_Muai_    (0)    3 :  0.809 0.123 0.067 
613 Muaiv_Muai_    (0)    3 :  0.768 0.166 0.066 
614 Muaiv_Muai_    (0)    3 :  0.819 0.103 0.077 
615 Muaiv_Muai_    (0)    3 :  0.785 0.139 0.076 
616 Muaiv_Muai_    (0)    3 :  0.789 0.137 0.074 
617 Muaiv_Muai_    (0)    3 :  0.789 0.137 0.074 
618 Muaiv_Muai_    (0)    3 :  0.795 0.123 0.083 
619 Muaiv_Muai_    (0)    3 :  0.749 0.162 0.089 
620 Muaiv_Muai_    (0)    3 :  0.829 0.101 0.070 
621 Muaiv_Muai_    (0)    3 :  0.790 0.110 0.100 
622 Muaiv_Muai_    (0)    3 :  0.780 0.131 0.089 
623 Muaiv_Muai_    (0)    3 :  0.825 0.112 0.063 
624 Muaiv_Muai_    (0)    3 :  0.786 0.136 0.078 
625 Muaiv_Muai_    (0)    3 :  0.802 0.114 0.084 
626 Muaiv_Muai_    (0)    3 :  0.806 0.114 0.080 
627 Muaiv_Muai_    (0)    3 :  0.821 0.113 0.066 
628 Muaiv_Muai_    (0)    3 :  0.804 0.129 0.067 
629 Muaiv_Muai_    (0)    3 :  0.781 0.121 0.098 
630 Muaiv_Muai_    (0)    3 :  0.821 0.117 0.062 
631 Muaiv_Muai_    (0)    3 :  0.761 0.126 0.113 
632 Muaiv_Muai_    (0)    3 :  0.754 0.146 0.100 
633 Muaiv_Muai_    (0)    3 :  0.814 0.116 0.070 
634 Muaiv_Muai_    (0)    3 :  0.784 0.119 0.097 
635 Muaiv_Muai_    (0)    3 :  0.800 0.118 0.082 
636 Muaiv_Muai_    (0)    3 :  0.808 0.124 0.068 
637 Muaiv_Muai_    (0)    3 :  0.827 0.096 0.077 
638 Muaiv_Muai_    (0)    3 :  0.801 0.121 0.078 
639 Muaiv_Muai_    (0)    3 :  0.739 0.175 0.085 
640 Muaiv_Muai_    (0)    3 :  0.821 0.111 0.068 
641 Nadi_Nadi1    (0)    3 :  0.780 0.119 0.101 
642 Nadi_Nadi2    (0)    3 :  0.825 0.112 0.063 
643 Nadi_Nadi3    (0)    3 :  0.783 0.153 0.064 
644 Nadi_Nadi4    (0)    3 :  0.818 0.098 0.084 
645 Nadi_Nadi5    (0)    3 :  0.772 0.140 0.087 
646 Nadi_Nadi7    (0)    3 :  0.794 0.111 0.095 
647 Nadi_Nadi8    (0)    3 :  0.812 0.107 0.081 
648 Nadi_Nadi9    (0)    3 :  0.812 0.118 0.070 
649 Nadi_Nadi1_    (0)    3 :  0.832 0.104 0.064 
650 Nadi_Nadi1_    (0)    3 :  0.815 0.114 0.071 
651 Nadi_Nadi1_    (0)    3 :  0.823 0.105 0.072 
652 Nadi_Nadi1_    (0)    3 :  0.814 0.106 0.080 
653 Nadi_Nadi1_    (0)    3 :  0.804 0.107 0.090 
654 Nadi_Nadi1_    (0)    3 :  0.805 0.134 0.061 
655 Nadi_Nadi1_    (0)    3 :  0.789 0.133 0.078 
656 Nadi_Nadi1_    (0)    3 :  0.817 0.115 0.068 
657 Nadi_Nadi1_    (0)    3 :  0.826 0.101 0.072 
658 Nadi_Nadi1_    (0)    3 :  0.805 0.128 0.068 
659 Nadi_Nadi2_    (0)    3 :  0.799 0.124 0.077 
660 Nadi_Nadi2_    (0)    3 :  0.762 0.122 0.116 
661 Nadi_Nadi2_    (0)    3 :  0.778 0.162 0.060 
662 Nadi_Nadi2_    (0)    3 :  0.823 0.110 0.067 
663 Nadi_Nadi2_    (0)    3 :  0.807 0.132 0.061 
664 Nadi_Nadi2_    (0)    3 :  0.802 0.122 0.076 
665 Nadi_Nadi2_    (0)    3 :  0.810 0.127 0.064 
666 Nadi_Nadi2_    (0)    3 :  0.701 0.118 0.181 
667 Nadi_Nadi2_    (0)    3 :  0.774 0.134 0.092 
668 Nadi_Nadi3_    (0)    3 :  0.823 0.115 0.061 
669 Nadi_Nadi3_    (0)    3 :  0.809 0.113 0.078 
670 Nadi_Nadi3_    (0)    3 :  0.806 0.113 0.081 
671 Nadi_Nadi3_    (0)    3 :  0.814 0.119 0.067 
672 Nadi_Nadi3_    (0)    3 :  0.789 0.134 0.077 
673 Nadi_Nadi3_    (0)    3 :  0.802 0.126 0.072 
674 Nadi_Nadi3_    (0)    3 :  0.840 0.095 0.066 
675 Nadi_Nadi3_    (0)    3 :  0.839 0.099 0.062 
676 Nadi_Nadi3_    (0)    3 :  0.794 0.144 0.062 
677 Nadi_Nadi3_    (0)    3 :  0.789 0.132 0.080 
678 Nadi_Nadi4_    (0)    3 :  0.810 0.107 0.084 
679 Nadi_Nadi4_    (0)    3 :  0.834 0.108 0.057 
680 Nadi_Nadi4_    (0)    3 :  0.787 0.143 0.070 
681 Nadi_Nadi4_    (0)    3 :  0.823 0.098 0.079 
682 Nadi_Nadi4_    (0)    3 :  0.801 0.123 0.075 
683 Nadi_Nadi4_    (0)    3 :  0.814 0.119 0.067 
684 Nadi_Nadi4_    (0)    3 :  0.811 0.108 0.082 
685 Nadi_Nadi4_    (0)    3 :  0.832 0.104 0.064 
686 Nadi_Nadi4_    (0)    3 :  0.797 0.134 0.069 
687 Nadi_Nadi4_    (0)    3 :  0.789 0.133 0.078 
688 Nadi_Nadi5_    (0)    3 :  0.814 0.103 0.083 
689 Nadi_Nadi5_    (0)    3 :  0.775 0.154 0.071 
690 Nadi_Nadi5_    (0)    3 :  0.797 0.112 0.091 
691 Nadi_Nadi5_    (0)    3 :  0.830 0.111 0.059 
692 Suva_Suva1    (0)    3 :  0.799 0.142 0.059 
693 Suva_Suva2    (0)    3 :  0.797 0.130 0.073 
694 Suva_Suva3    (0)    3 :  0.788 0.124 0.088 
695 Suva_Suva4    (0)    3 :  0.781 0.144 0.075 
696 Suva_Suva5    (0)    3 :  0.768 0.148 0.083 
697 Suva_Suva6    (0)    3 :  0.825 0.109 0.066 
698 Suva_Suva7    (0)    3 :  0.825 0.108 0.068 
699 Suva_Suva8    (0)    3 :  0.791 0.124 0.085 
700 Suva_Suva9    (0)    3 :  0.787 0.149 0.064 
701 Suva_Suva1_    (0)    3 :  0.761 0.152 0.087 
702 Suva_Suva1_    (0)    3 :  0.792 0.112 0.097 
703 Suva_Suva1_    (0)    3 :  0.818 0.111 0.071 
704 Suva_Suva1_    (0)    3 :  0.831 0.098 0.070 
705 Suva_Suva1_    (0)    3 :  0.811 0.128 0.061 
706 Suva_Suva1_    (0)    3 :  0.715 0.107 0.178 
707 Suva_Suva1_    (0)    3 :  0.824 0.108 0.068 
708 Suva_Suva1_    (0)    3 :  0.809 0.094 0.097 
709 Suva_Suva1_    (0)    3 :  0.816 0.120 0.064 
710 Suva_Suva1_    (0)    3 :  0.812 0.110 0.078 
711 Suva_Suva2_    (0)    3 :  0.793 0.132 0.074 
712 Suva_Suva2_    (0)    3 :  0.818 0.097 0.085 
713 Suva_Suva2_    (0)    3 :  0.790 0.146 0.064 
714 Suva_Suva2_    (0)    3 :  0.717 0.193 0.090 
715 Suva_Suva2_    (0)    3 :  0.811 0.115 0.074 
716 Suva_Suva2_    (0)    3 :  0.793 0.143 0.065 
717 Suva_Suva2_    (0)    3 :  0.707 0.198 0.094 
718 Suva_Suva2_    (0)    3 :  0.804 0.126 0.070 
719 Suva_Suva2_    (0)    3 :  0.769 0.143 0.088 
720 Suva_Suva2_    (0)    3 :  0.759 0.098 0.143 
721 Suva_Suva3_    (0)    3 :  0.770 0.152 0.078 
722 Suva_Suva3_    (0)    3 :  0.794 0.138 0.068 
723 Suva_Suva3_    (0)    3 :  0.762 0.160 0.077 
724 Suva_Suva3_    (0)    3 :  0.768 0.151 0.080 
725 Suva_Suva3_    (0)    3 :  0.771 0.144 0.086 
726 Suva_Suva3_    (0)    3 :  0.781 0.143 0.076 
727 Suva_Suva3_    (0)    3 :  0.807 0.132 0.062 
728 Suva_Suva3_    (0)    3 :  0.812 0.122 0.066 
729 Suva_Suva3_    (0)    3 :  0.811 0.126 0.063 
730 Suva_Suva3_    (0)    3 :  0.790 0.120 0.090 
731 Suva_Suva4_    (0)    3 :  0.804 0.115 0.081 
732 Suva_Suva4_    (0)    3 :  0.801 0.102 0.097 
733 Suva_Suva4_    (0)    3 :  0.821 0.105 0.074 
734 Suva_Suva4_    (0)    3 :  0.802 0.130 0.068 
735 Suva_Suva4_    (0)    3 :  0.794 0.128 0.078 
736 Suva_Suva4_    (0)    3 :  0.828 0.100 0.072 
737 Suva_Suva4_    (0)    3 :  0.790 0.122 0.089 
738 Suva_Suva4_    (0)    3 :  0.804 0.123 0.074 
739 Suva_Suva4_    (0)    3 :  0.823 0.104 0.072 
740 Suva_Suva4_    (0)    3 :  0.822 0.110 0.068 
741 Suva_Suva5_    (0)    3 :  0.799 0.137 0.063 
742 Suva_Suva5_    (0)    3 :  0.812 0.114 0.075 
743 Suva_Suva5_    (0)    3 :  0.801 0.106 0.093 
744 Suva_Suva5_    (0)    3 :  0.818 0.103 0.079 
745 Suva_Suva5_    (0)    3 :  0.810 0.129 0.061 
746 Suva_Suva5_    (0)    3 :  0.813 0.110 0.077 
747 Suva_Suva5_    (0)    3 :  0.789 0.133 0.078 
748 Tave_Tave1    (0)    3 :  0.774 0.122 0.104 
749 Tave_Tave2    (0)    3 :  0.761 0.147 0.092 
750 Tave_Tave3    (0)    3 :  0.791 0.130 0.079 
751 Tave_Tave4    (0)    3 :  0.818 0.104 0.078 
752 Tave_Tave5    (0)    3 :  0.800 0.133 0.066 
753 Tave_Tave6    (0)    3 :  0.826 0.105 0.070 
754 Tave_Tave7    (0)    3 :  0.800 0.133 0.067 
755 Tave_Tave8    (0)    3 :  0.806 0.107 0.087 
756 Tave_Tave9    (0)    3 :  0.764 0.121 0.115 
757 Tave_Tave1_    (0)    3 :  0.832 0.101 0.067 
758 Tave_Tave1_    (0)    3 :  0.799 0.107 0.095 
759 Tave_Tave1_    (0)    3 :  0.799 0.119 0.083 
760 Tave_Tave1_    (0)    3 :  0.790 0.122 0.088 
761 Tave_Tave1_    (0)    3 :  0.818 0.117 0.066 
762 Tave_Tave1_    (0)    3 :  0.831 0.102 0.067 
763 Tave_Tave1_    (0)    3 :  0.770 0.113 0.117 
764 Tave_Tave1_    (0)    3 :  0.788 0.147 0.065 
765 Tave_Tave1_    (0)    3 :  0.716 0.152 0.132 
766 Tave_Tave1_    (0)    3 :  0.798 0.128 0.074 
767 Tave_Tave2_    (0)    3 :  0.765 0.172 0.064 
768 Tave_Tave2_    (0)    3 :  0.734 0.120 0.146 
769 Tave_Tave2_    (0)    3 :  0.816 0.123 0.061 
770 Tave_Tave2_    (0)    3 :  0.807 0.114 0.079 
