

----------------------------------------------------
STRUCTURE by Pritchard, Stephens and Donnelly (2000)
     and Falush, Stephens and Pritchard (2003)
       Code by Pritchard, Falush and Hubisz
             Version 2.3.4 (Jul 2012)
----------------------------------------------------



Command line arguments:   /opt/anaconda3/bin/structure -K 4 -i /data/home/edc5240/Daruanus/Daruanus_All_8locus_stru.txt -o /data/home/edc5240/Daruanus/output/str_K4_rep5 -D 483266 -m /data/home/edc5240/Daruanus/mainparams -e /data/home/edc5240/Daruanus/extraparams 
Input File:    /data/home/edc5240/Daruanus/Daruanus_All_8locus_stru.txt

Run parameters:
   1358 individuals
   8 loci
   4 populations assumed
   250000 Burn-in period
   1000000 Reps
LOCPRIOR model used
RANDOMIZE turned off


--------------------------------------------
Proportion of membership of each pre-defined
 population in each of the 4 clusters

Given    Inferred Clusters              Number of
 Pop       1      2      3      4      Individuals

  1:     0.686  0.008  0.294  0.013       72
  2:     0.005  0.023  0.861  0.110      414
  3:     0.006  0.133  0.083  0.778      358
  4:     0.008  0.892  0.015  0.085      441
  5:     0.004  0.919  0.019  0.058       73
--------------------------------------------

Allele-freq. divergence among pops (Net nucleotide distance),
computed using point estimates of P.

      1       2       3       4      
 1      -    0.0506  0.0102  0.0449  
 2   0.0506     -    0.0399  0.0391  
 3   0.0102  0.0399     -    0.0336  
 4   0.0449  0.0391  0.0336     -    

Average distances (expected heterozygosity) between individuals in same cluster:
cluster  1  : 0.8914 
cluster  2  : 0.8341 
cluster  3  : 0.9070 
cluster  4  : 0.8169 

--------------------------------------------
Estimated Ln Prob of Data   = -55486.8
Mean value of ln likelihood = -54905.9
Variance of ln likelihood   = 1161.8
Mean value of alpha         = 4.3447

Mean value of alpha_local for each location:
	location  1:  13.4004  0.1604  5.9941  0.2667
	location  2:  0.1306  0.5473  21.6708  3.0443
	location  3:  0.1821  4.2498  2.6610  24.6497
	location  4:  0.1673  19.0739  0.3222  1.8704
	location  5:  0.0828  15.5997  0.3453  0.9801

Mean value of Fst_1         = 0.0300
Mean value of Fst_2         = 0.0689
Mean value of Fst_3         = 0.0046
Mean value of Fst_4         = 0.0488

Mean value of r = 0.0759

Inferred ancestry of individuals:
        Label (%Miss) Pop:  Inferred clusters
  1 Lion_Lion1    (0)    1 :  0.732 0.007 0.251 0.011 
  2 Lion_Lion2    (0)    1 :  0.680 0.010 0.292 0.018 
  3 Lion_Lion3    (0)    1 :  0.712 0.009 0.265 0.014 
  4 Lion_Lion4    (0)    1 :  0.676 0.010 0.299 0.014 
  5 Lion_Lion5    (0)    1 :  0.711 0.007 0.271 0.010 
  6 Lion_Lion6    (0)    1 :  0.671 0.006 0.312 0.011 
  7 Lion_Lion7    (0)    1 :  0.675 0.007 0.306 0.012 
  8 Lion_Lion8    (0)    1 :  0.689 0.008 0.290 0.013 
  9 Lion_Lion9    (0)    1 :  0.709 0.013 0.261 0.017 
 10 Lion_Lion10    (0)    1 :  0.620 0.005 0.366 0.009 
 11 Lion_Lion11    (0)    1 :  0.699 0.007 0.280 0.014 
 12 Lion_Lion13    (0)    1 :  0.673 0.009 0.305 0.013 
 13 Lion_Lion14    (0)    1 :  0.714 0.009 0.266 0.011 
 14 Lion_Lion15    (0)    1 :  0.666 0.007 0.316 0.011 
 15 Lion_Lion16    (0)    1 :  0.675 0.006 0.309 0.010 
 16 Lion_Lion17    (0)    1 :  0.721 0.007 0.261 0.011 
 17 Lion_Lion18    (0)    1 :  0.700 0.006 0.284 0.011 
 18 Lion_Lion19    (0)    1 :  0.669 0.009 0.303 0.020 
 19 Lion_Lion20    (0)    1 :  0.633 0.009 0.342 0.017 
 20 Lion_Lion21    (0)    1 :  0.655 0.007 0.328 0.010 
 21 Lion_Lion22    (0)    1 :  0.734 0.006 0.251 0.009 
 22 Lion_Lion23    (0)    1 :  0.693 0.006 0.291 0.010 
 23 Lion_Lion24    (0)    1 :  0.664 0.007 0.310 0.019 
 24 Lion_Lion25    (0)    1 :  0.688 0.008 0.290 0.014 
 25 Lion_Lion26    (0)    1 :  0.696 0.008 0.286 0.011 
 26 Lion_Lion27    (0)    1 :  0.689 0.007 0.292 0.013 
 27 Lion_Lion28    (0)    1 :  0.710 0.007 0.272 0.011 
 28 Lion_Lion29    (0)    1 :  0.704 0.005 0.282 0.009 
 29 Lion_Lion30    (0)    1 :  0.647 0.010 0.328 0.015 
 30 Lion_Lion31    (0)    1 :  0.717 0.006 0.265 0.011 
 31 Lion_Lion32    (0)    1 :  0.748 0.005 0.239 0.008 
 32 Lion_Lion33    (0)    1 :  0.670 0.007 0.314 0.010 
 33 Lion_Lion34    (0)    1 :  0.720 0.008 0.263 0.010 
 34 Lion_Lion36    (0)    1 :  0.666 0.006 0.315 0.013 
 35 Lion_Lion38    (0)    1 :  0.691 0.005 0.293 0.011 
 36 Lion_Lion39    (0)    1 :  0.680 0.006 0.304 0.010 
 37 Lion_Lion40    (0)    1 :  0.715 0.007 0.264 0.014 
 38 Lion_Lion41    (0)    1 :  0.634 0.007 0.340 0.019 
 39 Lion_Lion42    (0)    1 :  0.661 0.006 0.321 0.013 
 40 Lion_Lion43    (0)    1 :  0.665 0.007 0.315 0.012 
 41 Lion_Lion44    (0)    1 :  0.673 0.006 0.304 0.018 
 42 Lion_Lion45    (0)    1 :  0.721 0.010 0.256 0.013 
 43 Lion_Lion46    (0)    1 :  0.714 0.011 0.260 0.015 
 44 Lion_Lion47    (0)    1 :  0.688 0.009 0.289 0.015 
 45 Lion_Lion48    (0)    1 :  0.654 0.006 0.327 0.013 
 46 Lion_Lion49    (0)    1 :  0.669 0.007 0.311 0.014 
 47 Lion_Lion50    (0)    1 :  0.638 0.007 0.341 0.014 
 48 Lion_Lion51    (0)    1 :  0.711 0.005 0.273 0.011 
 49 Lion_Lion52    (0)    1 :  0.680 0.008 0.296 0.015 
 50 Lolo_Lolo1    (0)    1 :  0.740 0.007 0.240 0.013 
 51 Lolo_Lolo2    (0)    1 :  0.725 0.009 0.253 0.013 
 52 Lolo_Lolo3    (0)    1 :  0.703 0.007 0.278 0.013 
 53 Lolo_Lolo4    (0)    1 :  0.692 0.008 0.288 0.011 
 54 Lolo_Lolo5    (0)    1 :  0.697 0.008 0.281 0.015 
 55 Lolo_Lolo6    (0)    1 :  0.651 0.014 0.322 0.012 
 56 Lolo_Lolo7    (0)    1 :  0.705 0.006 0.277 0.011 
 57 Lolo_Lolo8    (0)    1 :  0.713 0.010 0.265 0.012 
 58 Lolo_Lolo9    (0)    1 :  0.714 0.008 0.265 0.013 
 59 Manu_Manu1    (0)    1 :  0.709 0.006 0.272 0.013 
 60 Manu_Manu2    (0)    1 :  0.667 0.009 0.308 0.016 
 61 Manu_Manu3    (0)    1 :  0.673 0.006 0.309 0.011 
 62 Manu_Manu4    (0)    1 :  0.680 0.008 0.293 0.019 
 63 Manu_Manu5    (0)    1 :  0.638 0.017 0.333 0.012 
 64 Manu_Manu6    (0)    1 :  0.635 0.007 0.347 0.012 
 65 Manu_Manu7    (0)    1 :  0.675 0.007 0.307 0.011 
 66 Manu_Manu8    (0)    1 :  0.678 0.006 0.304 0.012 
 67 Manu_Manu9    (0)    1 :  0.662 0.011 0.308 0.019 
 68 Manu_Manu10    (0)    1 :  0.639 0.009 0.341 0.011 
 69 Manu_Manu11    (0)    1 :  0.677 0.007 0.304 0.012 
 70 Manu_Manu13    (0)    1 :  0.704 0.008 0.265 0.023 
 71 Manu_Manu14    (0)    1 :  0.663 0.006 0.322 0.009 
 72 Manu_Manu15    (0)    1 :  0.723 0.006 0.261 0.010 
 73   Go_Go1    (0)    2 :  0.006 0.023 0.854 0.118 
 74   Go_Go2    (0)    2 :  0.005 0.026 0.848 0.121 
 75   Go_Go3    (0)    2 :  0.005 0.021 0.861 0.113 
 76   Go_Go4    (0)    2 :  0.005 0.019 0.872 0.104 
 77   Go_Go5    (0)    2 :  0.005 0.024 0.859 0.112 
 78   Go_Go6    (0)    2 :  0.005 0.017 0.877 0.101 
 79   Go_Go7    (0)    2 :  0.005 0.020 0.855 0.120 
 80   Go_Go8    (0)    2 :  0.006 0.017 0.864 0.112 
 81   Go_Go9    (0)    2 :  0.006 0.033 0.866 0.095 
 82  Go_Go10    (0)    2 :  0.005 0.021 0.868 0.107 
 83  Go_Go11    (0)    2 :  0.004 0.019 0.866 0.110 
 84  Go_Go12    (0)    2 :  0.006 0.024 0.858 0.112 
 85  Go_Go13    (0)    2 :  0.004 0.022 0.879 0.095 
 86  Go_Go14    (0)    2 :  0.005 0.027 0.858 0.110 
 87  Go_Go15    (0)    2 :  0.004 0.020 0.863 0.113 
 88  Go_Go16    (0)    2 :  0.006 0.020 0.868 0.106 
 89  Go_Go17    (0)    2 :  0.005 0.022 0.862 0.111 
 90  Go_Go18    (0)    2 :  0.006 0.024 0.851 0.120 
 91  Go_Go19    (0)    2 :  0.005 0.032 0.836 0.127 
 92  Go_Go20    (0)    2 :  0.005 0.018 0.863 0.114 
 93  Go_Go21    (0)    2 :  0.004 0.021 0.870 0.104 
 94  Go_Go22    (0)    2 :  0.006 0.020 0.870 0.103 
 95  Go_Go23    (0)    2 :  0.005 0.025 0.840 0.131 
 96  Go_Go24    (0)    2 :  0.005 0.023 0.868 0.104 
 97  Go_Go25    (0)    2 :  0.005 0.021 0.844 0.129 
 98  Go_Go27    (0)    2 :  0.005 0.041 0.842 0.113 
 99  Go_Go28    (0)    2 :  0.005 0.037 0.847 0.111 
100  Go_Go29    (0)    2 :  0.005 0.035 0.806 0.155 
101  Go_Go30    (0)    2 :  0.005 0.020 0.890 0.086 
102  Go_Go31    (0)    2 :  0.004 0.020 0.845 0.130 
103  Go_Go32    (0)    2 :  0.004 0.030 0.846 0.120 
104  Go_Go33    (0)    2 :  0.004 0.021 0.883 0.091 
105  Go_Go34    (0)    2 :  0.004 0.021 0.854 0.121 
106  Go_Go35    (0)    2 :  0.005 0.024 0.851 0.120 
107  Go_Go36    (0)    2 :  0.004 0.017 0.856 0.122 
108  Go_Go37    (0)    2 :  0.005 0.021 0.866 0.108 
109  Go_Go38    (0)    2 :  0.005 0.016 0.885 0.093 
110  Go_Go39    (0)    2 :  0.005 0.024 0.827 0.144 
111  Go_Go40    (0)    2 :  0.005 0.020 0.856 0.119 
112  Go_Go41    (0)    2 :  0.005 0.019 0.859 0.118 
113  Go_Go42    (0)    2 :  0.005 0.032 0.799 0.164 
114  Go_Go43    (0)    2 :  0.005 0.026 0.825 0.144 
115  Go_Go44    (0)    2 :  0.005 0.028 0.861 0.106 
116  Go_Go45    (0)    2 :  0.005 0.019 0.872 0.105 
117  Go_Go46    (0)    2 :  0.006 0.022 0.859 0.114 
118  Go_Go47    (0)    2 :  0.005 0.028 0.860 0.108 
119  Go_Go48    (0)    2 :  0.005 0.018 0.878 0.099 
120  Go_Go49    (0)    2 :  0.005 0.025 0.868 0.102 
121  Go_Go50    (0)    2 :  0.006 0.021 0.868 0.105 
122  Go_Go51    (0)    2 :  0.005 0.020 0.896 0.079 
123  Go_Go52    (0)    2 :  0.004 0.020 0.876 0.099 
124  Go_Go53    (0)    2 :  0.005 0.021 0.874 0.100 
125  Go_Go54    (0)    2 :  0.004 0.023 0.878 0.095 
126  Go_Go55    (0)    2 :  0.004 0.018 0.889 0.088 
127  Go_Go56    (0)    2 :  0.005 0.024 0.865 0.106 
128 Hie_Hie2    (0)    2 :  0.004 0.023 0.881 0.092 
129 Hie_Hie3    (0)    2 :  0.005 0.029 0.852 0.114 
130 Hie_Hie4    (0)    2 :  0.004 0.022 0.845 0.129 
131 Hie_Hie5    (0)    2 :  0.005 0.019 0.871 0.105 
132 Hie_Hie6    (0)    2 :  0.006 0.025 0.857 0.112 
133 Hie_Hie7    (0)    2 :  0.005 0.030 0.850 0.116 
134 Hie_Hie8    (0)    2 :  0.005 0.023 0.855 0.117 
135 Hie_Hie9    (0)    2 :  0.007 0.024 0.860 0.109 
136 Hie_Hie11    (0)    2 :  0.006 0.026 0.821 0.148 
137 Hie_Hie12    (0)    2 :  0.004 0.020 0.877 0.099 
138 Hie_Hie13    (0)    2 :  0.006 0.019 0.864 0.112 
139 Hie_Hie14    (0)    2 :  0.005 0.018 0.884 0.093 
140 Hie_Hie15    (0)    2 :  0.005 0.027 0.858 0.110 
141 Hie_Hie16    (0)    2 :  0.005 0.018 0.886 0.090 
142 Hie_Hie17    (0)    2 :  0.005 0.038 0.797 0.161 
143 Hie_Hie18    (0)    2 :  0.005 0.019 0.873 0.103 
144 Hie_Hie19    (0)    2 :  0.004 0.024 0.843 0.129 
145 Hie_Hie20    (0)    2 :  0.004 0.030 0.857 0.109 
146 Hie_Hie21    (0)    2 :  0.006 0.021 0.851 0.122 
147 Hie_Hie22    (0)    2 :  0.005 0.022 0.866 0.107 
148 Hie_Hie23    (0)    2 :  0.005 0.018 0.883 0.093 
149 Hie_Hie24    (0)    2 :  0.005 0.021 0.872 0.102 
150 Hie_Hie25    (0)    2 :  0.005 0.022 0.853 0.120 
151 Hie_Hie26    (0)    2 :  0.005 0.017 0.886 0.092 
152 Hie_Hie27    (0)    2 :  0.006 0.020 0.857 0.116 
153 Hie_Hie28    (0)    2 :  0.004 0.032 0.857 0.106 
154 Hie_Hie29    (0)    2 :  0.005 0.038 0.848 0.109 
155 Hie_Hie30    (0)    2 :  0.005 0.022 0.875 0.099 
156 Hie_Hie31    (0)    2 :  0.005 0.024 0.871 0.101 
157 Hie_Hie32    (0)    2 :  0.005 0.021 0.880 0.094 
158 Hie_Hie33    (0)    2 :  0.005 0.024 0.860 0.112 
159 Hie_Hie34    (0)    2 :  0.005 0.023 0.857 0.116 
160 Hie_Hie35    (0)    2 :  0.004 0.019 0.865 0.111 
161 Hie_Hie36    (0)    2 :  0.005 0.020 0.867 0.108 
162 Hie_Hie37    (0)    2 :  0.005 0.024 0.861 0.109 
163 Hie_Hie38    (0)    2 :  0.005 0.027 0.873 0.095 
164 Hie_Hie39    (0)    2 :  0.006 0.021 0.855 0.118 
165 Hie_Hie40    (0)    2 :  0.005 0.021 0.871 0.103 
166 Hie_Hie41    (0)    2 :  0.008 0.022 0.872 0.098 
167 Hie_Hie42    (0)    2 :  0.007 0.043 0.783 0.167 
168 Hie_Hie43    (0)    2 :  0.005 0.046 0.834 0.115 
169 Hie_Hie44    (0)    2 :  0.005 0.016 0.877 0.103 
170 Hie_Hie45    (0)    2 :  0.005 0.025 0.822 0.148 
171 Hie_Hie46    (0)    2 :  0.004 0.023 0.866 0.106 
172 Hie_Hie47    (0)    2 :  0.005 0.018 0.881 0.097 
173 Hie_Hie48    (0)    2 :  0.005 0.021 0.860 0.114 
174 Hie_Hie49    (0)    2 :  0.004 0.017 0.882 0.096 
175 Lar_Lar1    (0)    2 :  0.006 0.018 0.883 0.094 
176 Lar_Lar2    (0)    2 :  0.005 0.024 0.878 0.093 
177 Lar_Lar3    (0)    2 :  0.005 0.034 0.843 0.118 
178 Lar_Lar4    (0)    2 :  0.005 0.025 0.857 0.114 
179 Lar_Lar5    (0)    2 :  0.005 0.021 0.868 0.106 
180 Lar_Lar6    (0)    2 :  0.005 0.021 0.880 0.095 
181 Lar_Lar7    (0)    2 :  0.005 0.028 0.826 0.141 
182 Lar_Lar8    (0)    2 :  0.005 0.021 0.849 0.124 
183 Lar_Lar10    (0)    2 :  0.005 0.026 0.855 0.114 
184 Lar_Lar11    (0)    2 :  0.004 0.029 0.865 0.102 
185 Lar_Lar12    (0)    2 :  0.004 0.027 0.839 0.130 
186 Lar_Lar14    (0)    2 :  0.005 0.019 0.867 0.109 
187 Lar_Lar15    (0)    2 :  0.005 0.023 0.870 0.102 
188 Lar_Lar16    (0)    2 :  0.005 0.022 0.872 0.101 
189 Lar_Lar17    (0)    2 :  0.004 0.020 0.829 0.147 
190 Lar_Lar18    (0)    2 :  0.004 0.021 0.862 0.113 
191 Lar_Lar19    (0)    2 :  0.005 0.022 0.870 0.103 
192 Lar_Lar20    (0)    2 :  0.005 0.040 0.830 0.125 
193 Lar_Lar21    (0)    2 :  0.005 0.017 0.891 0.087 
194 Lar_Lar22    (0)    2 :  0.004 0.021 0.863 0.111 
195 Lar_Lar23    (0)    2 :  0.005 0.020 0.880 0.095 
196 Lar_Lar24    (0)    2 :  0.005 0.022 0.859 0.114 
197 Lar_Lar25    (0)    2 :  0.006 0.031 0.856 0.108 
198 Lar_Lar26    (0)    2 :  0.005 0.026 0.859 0.109 
199 Lar_Lar27    (0)    2 :  0.007 0.022 0.854 0.117 
200 Lar_Lar28    (0)    2 :  0.005 0.027 0.873 0.095 
201 Lar_Lar29    (0)    2 :  0.005 0.020 0.880 0.095 
202 Lar_Lar30    (0)    2 :  0.006 0.023 0.852 0.119 
203 Lar_Lar31    (0)    2 :  0.005 0.023 0.869 0.103 
204 Lar_Lar32    (0)    2 :  0.005 0.022 0.842 0.131 
205 Lar_Lar33    (0)    2 :  0.005 0.030 0.855 0.111 
206 Lar_Lar34    (0)    2 :  0.005 0.019 0.844 0.132 
207 Lar_Lar35    (0)    2 :  0.004 0.018 0.878 0.100 
208 Lar_Lar36    (0)    2 :  0.005 0.053 0.831 0.110 
209 Lar_Lar37    (0)    2 :  0.005 0.020 0.870 0.105 
210 Lar_Lar38    (0)    2 :  0.005 0.018 0.878 0.099 
211 Lar_Lar39    (0)    2 :  0.006 0.027 0.851 0.116 
212 Lar_Lar40    (0)    2 :  0.005 0.020 0.862 0.112 
213 Lar_Lar41    (0)    2 :  0.005 0.017 0.891 0.087 
214 Lar_Lar42    (0)    2 :  0.005 0.025 0.873 0.097 
215 Lar_Lar43    (0)    2 :  0.004 0.041 0.808 0.146 
216 Lar_Lar44    (0)    2 :  0.006 0.030 0.848 0.116 
217 Lar_Lar45    (0)    2 :  0.005 0.020 0.866 0.109 
218 Lar_Lar46    (0)    2 :  0.005 0.017 0.890 0.088 
219 Lar_Lar47    (0)    2 :  0.005 0.022 0.872 0.100 
220 Lar_Lar48    (0)    2 :  0.005 0.019 0.856 0.119 
221 Lar_Lar49    (0)    2 :  0.005 0.033 0.848 0.114 
222 Lar_Lar50    (0)    2 :  0.005 0.019 0.884 0.092 
223 Lar_Lar51    (0)    2 :  0.004 0.021 0.857 0.118 
224 Lar_Lar52    (0)    2 :  0.005 0.021 0.875 0.099 
225 Lar_Lar53    (0)    2 :  0.005 0.017 0.896 0.081 
226 Mara_Mara1    (0)    2 :  0.005 0.022 0.877 0.096 
227 Mara_Mara2    (0)    2 :  0.004 0.020 0.877 0.099 
228 Mara_Mara3    (0)    2 :  0.005 0.017 0.868 0.110 
229 Mara_Mara4    (0)    2 :  0.005 0.028 0.867 0.100 
230 Mara_Mara5    (0)    2 :  0.005 0.018 0.881 0.095 
231 Mara_Mara6    (0)    2 :  0.005 0.023 0.874 0.098 
232 Mara_Mara7    (0)    2 :  0.007 0.024 0.868 0.101 
233 Mara_Mara8    (0)    2 :  0.005 0.020 0.857 0.118 
234 Mara_Mara9    (0)    2 :  0.006 0.017 0.881 0.096 
235 Mara_Mara1_    (0)    2 :  0.004 0.036 0.834 0.125 
236 Mara_Mara1_    (0)    2 :  0.004 0.031 0.852 0.113 
237 Mara_Mara1_    (0)    2 :  0.004 0.023 0.864 0.109 
238 Mara_Mara1_    (0)    2 :  0.004 0.025 0.878 0.093 
239 Mara_Mara1_    (0)    2 :  0.005 0.050 0.841 0.103 
240 Mara_Mara1_    (0)    2 :  0.005 0.024 0.855 0.116 
241 Mara_Mara1_    (0)    2 :  0.005 0.023 0.848 0.124 
242 Mara_Mara1_    (0)    2 :  0.005 0.021 0.858 0.115 
243 Mara_Mara1_    (0)    2 :  0.005 0.024 0.867 0.104 
244 Mara_Mara1_    (0)    2 :  0.005 0.021 0.863 0.111 
245 Mara_Mara2_    (0)    2 :  0.005 0.023 0.856 0.117 
246 Mara_Mara2_    (0)    2 :  0.005 0.036 0.842 0.117 
247 Mara_Mara2_    (0)    2 :  0.005 0.018 0.883 0.095 
248 Mara_Mara2_    (0)    2 :  0.005 0.021 0.877 0.098 
249 Mara_Mara2_    (0)    2 :  0.005 0.022 0.876 0.097 
250 Mara_Mara2_    (0)    2 :  0.005 0.021 0.848 0.126 
251 Mara_Mara2_    (0)    2 :  0.004 0.018 0.880 0.097 
252 Mara_Mara2_    (0)    2 :  0.005 0.021 0.863 0.111 
253 Mara_Mara2_    (0)    2 :  0.006 0.039 0.856 0.099 
254 Mara_Mara2_    (0)    2 :  0.005 0.037 0.833 0.125 
255 Mara_Mara3_    (0)    2 :  0.007 0.054 0.827 0.112 
256 Mara_Mara3_    (0)    2 :  0.006 0.029 0.829 0.136 
257 Mara_Mara3_    (0)    2 :  0.005 0.020 0.872 0.103 
258 Mara_Mara3_    (0)    2 :  0.004 0.023 0.864 0.109 
259 Mara_Mara3_    (0)    2 :  0.004 0.032 0.858 0.107 
260 Mara_Mara3_    (0)    2 :  0.004 0.027 0.858 0.110 
261 Mara_Mara3_    (0)    2 :  0.005 0.028 0.859 0.108 
262 Mara_Mara3_    (0)    2 :  0.004 0.020 0.861 0.115 
263 Mara_Mara3_    (0)    2 :  0.005 0.017 0.880 0.098 
264 Mara_Mara3_    (0)    2 :  0.005 0.021 0.856 0.118 
265 Mara_Mara4_    (0)    2 :  0.005 0.026 0.818 0.151 
266 Mara_Mara4_    (0)    2 :  0.006 0.019 0.878 0.097 
267 Mara_Mara4_    (0)    2 :  0.005 0.020 0.862 0.113 
268 Mara_Mara4_    (0)    2 :  0.005 0.023 0.877 0.096 
269 Mara_Mara4_    (0)    2 :  0.005 0.019 0.874 0.103 
270 Mara_Mara4_    (0)    2 :  0.005 0.018 0.873 0.104 
271 Mara_Mara4_    (0)    2 :  0.005 0.020 0.849 0.125 
272 Mara_Mara4_    (0)    2 :  0.005 0.020 0.863 0.113 
273 Mara_Mara4_    (0)    2 :  0.005 0.031 0.879 0.085 
274 Mara_Mara4_    (0)    2 :  0.004 0.019 0.874 0.102 
275 Mara_Mara5_    (0)    2 :  0.005 0.022 0.871 0.102 
276 Mara_Mara5_    (0)    2 :  0.005 0.024 0.876 0.095 
277 Mara_Mara5_    (0)    2 :  0.005 0.035 0.830 0.130 
278 MBO_MBO1    (0)    2 :  0.006 0.019 0.829 0.145 
279 MBO_MBO2    (0)    2 :  0.005 0.029 0.834 0.132 
280 MBO_MBO3    (0)    2 :  0.004 0.016 0.878 0.101 
281 MBO_MBO4    (0)    2 :  0.007 0.023 0.851 0.119 
282 MBO_MBO6    (0)    2 :  0.005 0.020 0.854 0.122 
283 MBO_MBO7    (0)    2 :  0.004 0.022 0.888 0.086 
284 MBO_MBO8    (0)    2 :  0.005 0.023 0.831 0.141 
285 MBO_MBO9    (0)    2 :  0.005 0.026 0.823 0.146 
286 MBO_MBO10    (0)    2 :  0.005 0.021 0.862 0.112 
287 MBO_MBO11    (0)    2 :  0.005 0.022 0.877 0.096 
288 MBO_MBO12    (0)    2 :  0.005 0.020 0.886 0.089 
289 MBO_MBO13    (0)    2 :  0.005 0.018 0.877 0.101 
290 MBO_MBO14    (0)    2 :  0.005 0.022 0.875 0.098 
291 MBO_MBO15    (0)    2 :  0.005 0.023 0.850 0.122 
292 MBO_MBO16    (0)    2 :  0.005 0.017 0.871 0.107 
293 MBO_MBO17    (0)    2 :  0.005 0.021 0.867 0.106 
294 MBO_MBO18    (0)    2 :  0.006 0.025 0.835 0.134 
295 MBO_MBO19    (0)    2 :  0.005 0.021 0.858 0.117 
296 MBO_MBO20    (0)    2 :  0.004 0.035 0.860 0.101 
297 MBO_MBO21    (0)    2 :  0.005 0.020 0.876 0.099 
298 MBO_MBO22    (0)    2 :  0.005 0.021 0.875 0.099 
299 MBO_MBO23    (0)    2 :  0.005 0.026 0.866 0.103 
300 MBO_MBO24    (0)    2 :  0.005 0.022 0.880 0.094 
301 MBO_MBO25    (0)    2 :  0.005 0.019 0.878 0.098 
302 MBO_MBO26    (0)    2 :  0.005 0.020 0.872 0.103 
303 MBO_MBO27    (0)    2 :  0.006 0.024 0.860 0.110 
304 MBO_MBO28    (0)    2 :  0.005 0.028 0.862 0.105 
305 MBO_MBO29    (0)    2 :  0.005 0.030 0.858 0.107 
306 MBO_MBO30    (0)    2 :  0.009 0.021 0.868 0.102 
307 MBO_MBO31    (0)    2 :  0.007 0.021 0.846 0.126 
308 MBO_MBO32    (0)    2 :  0.005 0.021 0.878 0.097 
309 MBO_MBO33    (0)    2 :  0.005 0.023 0.851 0.120 
310 MBO_MBO34    (0)    2 :  0.005 0.023 0.871 0.101 
311 MBO_MBO35    (0)    2 :  0.005 0.017 0.880 0.098 
312 MBO_MBO36    (0)    2 :  0.006 0.028 0.869 0.097 
313 MBO_MBO37    (0)    2 :  0.005 0.023 0.852 0.120 
314 MBO_MBO38    (0)    2 :  0.005 0.020 0.850 0.125 
315 MBO_MBO39    (0)    2 :  0.005 0.017 0.884 0.094 
316 MBO_MBO40    (0)    2 :  0.005 0.022 0.864 0.109 
317 MBO_MBO41    (0)    2 :  0.004 0.018 0.839 0.139 
318 MBO_MBO42    (0)    2 :  0.005 0.021 0.861 0.112 
319 MBO_MBO43    (0)    2 :  0.006 0.016 0.887 0.091 
320 MBO_MBO44    (0)    2 :  0.006 0.021 0.863 0.110 
321 MBO_MBO45    (0)    2 :  0.005 0.022 0.845 0.127 
322 MBO_MBO46    (0)    2 :  0.005 0.021 0.863 0.111 
323 MBO_MBO47    (0)    2 :  0.005 0.021 0.864 0.110 
324 MBO_MBO48    (0)    2 :  0.005 0.019 0.873 0.103 
325 MBO_MBO49    (0)    2 :  0.005 0.021 0.862 0.112 
326 MBO_MBO50    (0)    2 :  0.004 0.019 0.880 0.096 
327 MBO_MBO51    (0)    2 :  0.005 0.020 0.886 0.089 
328 QBW_QBW1    (0)    2 :  0.005 0.019 0.865 0.111 
329 QBW_QBW2    (0)    2 :  0.005 0.017 0.883 0.095 
330 QBW_QBW3    (0)    2 :  0.005 0.021 0.866 0.109 
331 QBW_QBW4    (0)    2 :  0.004 0.032 0.814 0.151 
332 QBW_QBW5    (0)    2 :  0.005 0.026 0.874 0.095 
333 QBW_QBW6    (0)    2 :  0.006 0.022 0.877 0.095 
334 QBW_QBW7    (0)    2 :  0.005 0.020 0.848 0.127 
335 QBW_QBW8    (0)    2 :  0.005 0.025 0.855 0.114 
336 QBW_QBW9    (0)    2 :  0.005 0.040 0.851 0.104 
337 QBW_QBW10    (0)    2 :  0.005 0.024 0.862 0.109 
338 QBW_QBW11    (0)    2 :  0.005 0.019 0.865 0.111 
339 QBW_QBW12    (0)    2 :  0.005 0.022 0.843 0.130 
340 QBW_QBW13    (0)    2 :  0.005 0.021 0.866 0.108 
341 QBW_QBW14    (0)    2 :  0.006 0.019 0.877 0.098 
342 QBW_QBW15    (0)    2 :  0.005 0.026 0.853 0.116 
343 QBW_QBW16    (0)    2 :  0.005 0.024 0.851 0.120 
344 QBW_QBW17    (0)    2 :  0.005 0.024 0.848 0.124 
345 QBW_QBW18    (0)    2 :  0.006 0.018 0.865 0.111 
346 QBW_QBW19    (0)    2 :  0.005 0.018 0.887 0.089 
347 QBW_QBW20    (0)    2 :  0.006 0.018 0.873 0.103 
348 QBW_QBW21    (0)    2 :  0.005 0.019 0.860 0.116 
349 QBW_QBW22    (0)    2 :  0.006 0.022 0.863 0.109 
350 QBW_QBW23    (0)    2 :  0.005 0.018 0.877 0.100 
351 QBW_QBW24    (0)    2 :  0.004 0.020 0.885 0.091 
352 QBW_QBW25    (0)    2 :  0.005 0.028 0.863 0.104 
353 QBW_QBW26    (0)    2 :  0.005 0.023 0.860 0.112 
354 QBW_QBW27    (0)    2 :  0.005 0.019 0.878 0.099 
355 QBW_QBW28    (0)    2 :  0.005 0.019 0.865 0.110 
356 QBW_QBW29    (0)    2 :  0.004 0.019 0.861 0.116 
357 QBW_QBW30    (0)    2 :  0.006 0.020 0.871 0.104 
358 QBW_QBW31    (0)    2 :  0.004 0.021 0.856 0.119 
359 QBW_QBW32    (0)    2 :  0.005 0.024 0.851 0.120 
360 QBW_QBW33    (0)    2 :  0.005 0.024 0.848 0.123 
361 QBW_QBW34    (0)    2 :  0.006 0.018 0.864 0.112 
362 QBW_QBW35    (0)    2 :  0.005 0.018 0.887 0.089 
363 QBW_QBW36    (0)    2 :  0.006 0.018 0.873 0.103 
364 QBW_QBW37    (0)    2 :  0.005 0.025 0.875 0.095 
365 QBW_QBW38    (0)    2 :  0.005 0.027 0.863 0.105 
366 QBW_QBW39    (0)    2 :  0.006 0.021 0.863 0.110 
367 QBW_QBW40    (0)    2 :  0.005 0.022 0.872 0.101 
368 QBW_QBW41    (0)    2 :  0.005 0.032 0.863 0.101 
369 QBW_QBW42    (0)    2 :  0.005 0.018 0.860 0.118 
370 QBW_QBW43    (0)    2 :  0.005 0.047 0.858 0.090 
371 QBW_QBW44    (0)    2 :  0.005 0.028 0.868 0.100 
372 QBW_QBW45    (0)    2 :  0.006 0.033 0.860 0.102 
373 QBW_QBW46    (0)    2 :  0.006 0.017 0.874 0.103 
374 QBW_QBW47    (0)    2 :  0.005 0.023 0.861 0.111 
375 QBW_QBW48    (0)    2 :  0.006 0.018 0.878 0.099 
376 QBW_QBW49    (0)    2 :  0.004 0.034 0.853 0.109 
377 QBW_QBW50    (0)    2 :  0.004 0.021 0.851 0.124 
378 QBW_QBW51    (0)    2 :  0.004 0.025 0.803 0.168 
379 QBW_QBW52    (0)    2 :  0.005 0.017 0.880 0.098 
380 QBW_QBW53    (0)    2 :  0.006 0.019 0.843 0.132 
381 QBW_QBW54    (0)    2 :  0.005 0.022 0.866 0.107 
382 Ten_Ten1    (0)    2 :  0.005 0.025 0.880 0.090 
383 Ten_Ten2    (0)    2 :  0.004 0.019 0.881 0.096 
384 Ten_Ten3    (0)    2 :  0.005 0.026 0.869 0.100 
385 Ten_Ten4    (0)    2 :  0.005 0.019 0.857 0.120 
386 Ten_Ten5    (0)    2 :  0.005 0.018 0.882 0.096 
387 Ten_Ten6    (0)    2 :  0.005 0.018 0.887 0.090 
388 Ten_Ten7    (0)    2 :  0.006 0.041 0.807 0.146 
389 Ten_Ten8    (0)    2 :  0.009 0.020 0.862 0.109 
390 Ten_Ten9    (0)    2 :  0.005 0.023 0.858 0.113 
391 Ten_Ten10    (0)    2 :  0.005 0.023 0.850 0.121 
392 Ten_Ten11    (0)    2 :  0.007 0.031 0.865 0.098 
393 Ten_Ten12    (0)    2 :  0.005 0.024 0.862 0.109 
394 Ten_Ten13    (0)    2 :  0.005 0.032 0.857 0.106 
395 Ten_Ten14    (0)    2 :  0.005 0.020 0.855 0.120 
396 Ten_Ten15    (0)    2 :  0.005 0.022 0.846 0.126 
397 Ten_Ten16    (0)    2 :  0.005 0.020 0.882 0.092 
398 Ten_Ten17    (0)    2 :  0.005 0.018 0.847 0.130 
399 Ten_Ten18    (0)    2 :  0.005 0.030 0.860 0.105 
400 Ten_Ten19    (0)    2 :  0.004 0.022 0.857 0.117 
401 Ten_Ten20    (0)    2 :  0.004 0.022 0.866 0.109 
402 Ten_Ten21    (0)    2 :  0.006 0.019 0.850 0.125 
403 Ten_Ten22    (0)    2 :  0.005 0.017 0.877 0.101 
404 Ten_Ten23    (0)    2 :  0.004 0.021 0.840 0.134 
405 Ten_Ten24    (0)    2 :  0.004 0.023 0.859 0.113 
406 Ten_Ten25    (0)    2 :  0.005 0.029 0.865 0.101 
407 Ten_Ten26    (0)    2 :  0.004 0.021 0.845 0.129 
408 Ten_Ten27    (0)    2 :  0.005 0.019 0.858 0.118 
409 Ten_Ten28    (0)    2 :  0.005 0.026 0.846 0.123 
410 Ten_Ten29    (0)    2 :  0.005 0.017 0.884 0.094 
411 Ten_Ten30    (0)    2 :  0.005 0.018 0.883 0.094 
412 Ten_Ten31    (0)    2 :  0.004 0.024 0.846 0.126 
413 Ten_Ten32    (0)    2 :  0.005 0.019 0.869 0.107 
414 Ten_Ten33    (0)    2 :  0.005 0.025 0.843 0.127 
415 Ten_Ten34    (0)    2 :  0.005 0.018 0.886 0.091 
416 Ten_Ten35    (0)    2 :  0.005 0.017 0.874 0.104 
417 Ten_Ten36    (0)    2 :  0.004 0.031 0.847 0.117 
418 Ten_Ten37    (0)    2 :  0.005 0.017 0.892 0.086 
419 Ten_Ten38    (0)    2 :  0.005 0.022 0.879 0.094 
420 Ten_Ten39    (0)    2 :  0.005 0.033 0.864 0.098 
421 Ten_Ten40    (0)    2 :  0.005 0.018 0.872 0.105 
422 Ten_Ten41    (0)    2 :  0.004 0.018 0.874 0.104 
423 Ten_Ten42    (0)    2 :  0.005 0.047 0.833 0.115 
424 Ten_Ten43    (0)    2 :  0.005 0.019 0.882 0.093 
425 Ten_Ten44    (0)    2 :  0.005 0.033 0.867 0.096 
426 Ten_Ten45    (0)    2 :  0.005 0.017 0.884 0.094 
427 Ten_Ten46    (0)    2 :  0.005 0.020 0.854 0.121 
428 Ten_Ten47    (0)    2 :  0.004 0.017 0.853 0.126 
429 Ten_Ten48    (0)    2 :  0.004 0.028 0.867 0.101 
430 Ten_Ten49    (0)    2 :  0.005 0.020 0.887 0.088 
431 Ten_Ten50    (0)    2 :  0.006 0.019 0.858 0.117 
432 Ten_Ten51    (0)    2 :  0.005 0.016 0.887 0.091 
433 Ten_Ten52    (0)    2 :  0.005 0.029 0.833 0.133 
434 Tote_Tote1    (0)    2 :  0.005 0.020 0.878 0.097 
435 Tote_Tote2    (0)    2 :  0.005 0.025 0.825 0.145 
436 Tote_Tote3    (0)    2 :  0.007 0.020 0.863 0.110 
437 Tote_Tote4    (0)    2 :  0.005 0.026 0.873 0.095 
438 Tote_Tote5    (0)    2 :  0.004 0.026 0.866 0.103 
439 Tote_Tote6    (0)    2 :  0.005 0.022 0.854 0.118 
440 Tote_Tote7    (0)    2 :  0.005 0.030 0.841 0.124 
441 Tote_Tote8    (0)    2 :  0.008 0.020 0.886 0.086 
442 Tote_Tote1_    (0)    2 :  0.005 0.021 0.853 0.121 
443 Tote_Tote1_    (0)    2 :  0.004 0.018 0.883 0.095 
444 Tote_Tote1_    (0)    2 :  0.005 0.020 0.849 0.125 
445 Tote_Tote1_    (0)    2 :  0.005 0.027 0.849 0.118 
446 Tote_Tote1_    (0)    2 :  0.005 0.026 0.848 0.122 
447 Tote_Tote1_    (0)    2 :  0.005 0.032 0.847 0.116 
448 Tote_Tote1_    (0)    2 :  0.005 0.038 0.817 0.140 
449 Tote_Tote1_    (0)    2 :  0.005 0.023 0.809 0.162 
450 Tote_Tote1_    (0)    2 :  0.005 0.029 0.871 0.096 
451 Tote_Tote2_    (0)    2 :  0.006 0.023 0.858 0.114 
452 Tote_Tote2_    (0)    2 :  0.004 0.022 0.868 0.105 
453 Tote_Tote2_    (0)    2 :  0.005 0.019 0.852 0.124 
454 Tote_Tote2_    (0)    2 :  0.005 0.019 0.872 0.103 
455 Tote_Tote2_    (0)    2 :  0.007 0.029 0.856 0.108 
456 Tote_Tote2_    (0)    2 :  0.005 0.017 0.882 0.096 
457 Tote_Tote2_    (0)    2 :  0.005 0.019 0.876 0.101 
458 Tote_Tote2_    (0)    2 :  0.004 0.018 0.876 0.101 
459 Tote_Tote2_    (0)    2 :  0.005 0.018 0.869 0.108 
460 Tote_Tote2_    (0)    2 :  0.005 0.020 0.879 0.097 
461 Tote_Tote3_    (0)    2 :  0.004 0.031 0.816 0.149 
462 Tote_Tote3_    (0)    2 :  0.004 0.021 0.887 0.088 
463 Tote_Tote3_    (0)    2 :  0.005 0.022 0.865 0.108 
464 Tote_Tote3_    (0)    2 :  0.005 0.023 0.865 0.107 
465 Tote_Tote3_    (0)    2 :  0.006 0.019 0.859 0.116 
466 Tote_Tote3_    (0)    2 :  0.007 0.036 0.850 0.107 
467 Tote_Tote3_    (0)    2 :  0.005 0.037 0.850 0.108 
468 Tote_Tote3_    (0)    2 :  0.005 0.020 0.862 0.113 
469 Tote_Tote3_    (0)    2 :  0.005 0.021 0.857 0.117 
470 Tote_Tote3_    (0)    2 :  0.005 0.033 0.817 0.145 
471 Tote_Tote4_    (0)    2 :  0.005 0.022 0.858 0.115 
472 Tote_Tote4_    (0)    2 :  0.005 0.020 0.877 0.097 
473 Tote_Tote4_    (0)    2 :  0.005 0.017 0.882 0.095 
474 Tote_Tote4_    (0)    2 :  0.007 0.031 0.833 0.130 
475 Tote_Tote4_    (0)    2 :  0.005 0.026 0.846 0.123 
476 Tote_Tote4_    (0)    2 :  0.005 0.024 0.857 0.115 
477 Tote_Tote4_    (0)    2 :  0.005 0.024 0.843 0.128 
478 Tote_Tote4_    (0)    2 :  0.005 0.022 0.881 0.092 
479 Tote_Tote4_    (0)    2 :  0.005 0.029 0.876 0.090 
480 Tote_Tote4_    (0)    2 :  0.005 0.034 0.871 0.091 
481 Tote_Tote5_    (0)    2 :  0.005 0.021 0.848 0.126 
482 Tote_Tote5_    (0)    2 :  0.005 0.019 0.853 0.123 
483 Tote_Tote5_    (0)    2 :  0.005 0.020 0.856 0.119 
484 Tote_Tote5_    (0)    2 :  0.005 0.016 0.886 0.093 
485 Tote_Tote5_    (0)    2 :  0.005 0.022 0.860 0.113 
486 Tote_Tote5_    (0)    2 :  0.005 0.016 0.882 0.097 
487 Taga_Taga1    (0)    3 :  0.005 0.128 0.071 0.795 
488 Taga_Taga2    (0)    3 :  0.007 0.134 0.085 0.774 
489 Taga_Taga3    (0)    3 :  0.005 0.108 0.083 0.804 
490 Taga_Taga4    (0)    3 :  0.006 0.126 0.076 0.793 
491 Taga_Taga5    (0)    3 :  0.006 0.139 0.080 0.775 
492 Taga_Taga6    (0)    3 :  0.008 0.125 0.097 0.769 
493 Taga_Taga7    (0)    3 :  0.006 0.125 0.085 0.784 
494 Taga_Taga8    (0)    3 :  0.006 0.140 0.081 0.773 
495 Taga_Taga9    (0)    3 :  0.005 0.114 0.077 0.803 
496 Taga_Taga1_    (0)    3 :  0.006 0.130 0.104 0.759 
497 Taga_Taga1_    (0)    3 :  0.006 0.169 0.083 0.743 
498 Taga_Taga1_    (0)    3 :  0.006 0.134 0.088 0.771 
499 Taga_Taga1_    (0)    3 :  0.006 0.110 0.089 0.795 
500 Taga_Taga1_    (0)    3 :  0.006 0.127 0.082 0.786 
501 Taga_Taga1_    (0)    3 :  0.006 0.117 0.079 0.798 
502 Taga_Taga1_    (0)    3 :  0.005 0.154 0.075 0.766 
503 Taga_Taga1_    (0)    3 :  0.005 0.160 0.077 0.758 
504 Taga_Taga1_    (0)    3 :  0.006 0.141 0.078 0.775 
505 Taga_Taga1_    (0)    3 :  0.005 0.143 0.075 0.777 
506 Taga_Taga2_    (0)    3 :  0.005 0.136 0.076 0.783 
507 Taga_Taga2_    (0)    3 :  0.005 0.123 0.072 0.800 
508 Taga_Taga2_    (0)    3 :  0.008 0.138 0.094 0.760 
509 Taga_Taga2_    (0)    3 :  0.006 0.128 0.107 0.760 
510 Taga_Taga2_    (0)    3 :  0.005 0.124 0.085 0.786 
511 Taga_Taga2_    (0)    3 :  0.006 0.125 0.080 0.788 
512 Taga_Taga2_    (0)    3 :  0.005 0.124 0.076 0.794 
513 Taga_Taga2_    (0)    3 :  0.006 0.135 0.072 0.788 
514 Taga_Taga2_    (0)    3 :  0.006 0.110 0.084 0.800 
515 Taga_Taga2_    (0)    3 :  0.006 0.145 0.080 0.769 
516 Taga_Taga3_    (0)    3 :  0.006 0.140 0.087 0.767 
517 Taga_Taga3_    (0)    3 :  0.006 0.110 0.080 0.804 
518 Taga_Taga3_    (0)    3 :  0.005 0.119 0.078 0.798 
519 Taga_Taga3_    (0)    3 :  0.005 0.152 0.072 0.772 
520 Taga_Taga3_    (0)    3 :  0.007 0.109 0.115 0.768 
521 Taga_Taga3_    (0)    3 :  0.006 0.120 0.082 0.793 
522 Taga_Taga3_    (0)    3 :  0.006 0.132 0.072 0.790 
523 Taga_Taga3_    (0)    3 :  0.007 0.125 0.090 0.778 
524 Taga_Taga3_    (0)    3 :  0.006 0.136 0.088 0.770 
525 Taga_Taga3_    (0)    3 :  0.006 0.133 0.072 0.789 
526 Taga_Taga4_    (0)    3 :  0.005 0.133 0.080 0.783 
527 Taga_Taga4_    (0)    3 :  0.005 0.127 0.072 0.796 
528 Taga_Taga4_    (0)    3 :  0.005 0.127 0.066 0.802 
529 Taga_Taga4_    (0)    3 :  0.006 0.141 0.100 0.752 
530 Taga_Taga4_    (0)    3 :  0.006 0.121 0.087 0.786 
531 Taga_Taga4_    (0)    3 :  0.006 0.114 0.085 0.795 
532 Taga_Taga4_    (0)    3 :  0.006 0.130 0.111 0.753 
533 Taga_Taga4_    (0)    3 :  0.006 0.114 0.098 0.782 
534 Taga_Taga4_    (0)    3 :  0.006 0.141 0.103 0.750 
535 Taga_Taga4_    (0)    3 :  0.005 0.147 0.084 0.764 
536 Taga_Taga5_    (0)    3 :  0.005 0.125 0.073 0.798 
537 Taga_Taga5_    (0)    3 :  0.006 0.133 0.083 0.778 
538 Taga_Taga5_    (0)    3 :  0.005 0.134 0.073 0.788 
539 Mata_Mata1    (0)    3 :  0.006 0.143 0.077 0.774 
540 Mata_Mata2    (0)    3 :  0.005 0.122 0.072 0.802 
541 Mata_Mata3    (0)    3 :  0.005 0.141 0.069 0.785 
542 Mata_Mata4    (0)    3 :  0.005 0.149 0.077 0.769 
543 Mata_Mata5    (0)    3 :  0.005 0.134 0.090 0.771 
544 Mata_Mata6    (0)    3 :  0.005 0.121 0.077 0.797 
545 Mata_Mata7    (0)    3 :  0.007 0.134 0.089 0.770 
546 Mata_Mata8    (0)    3 :  0.006 0.141 0.084 0.769 
547 Mata_Mata9    (0)    3 :  0.006 0.157 0.089 0.749 
548 Mata_Mata1_    (0)    3 :  0.006 0.154 0.071 0.769 
549 Mata_Mata1_    (0)    3 :  0.006 0.129 0.089 0.777 
550 Mata_Mata1_    (0)    3 :  0.007 0.132 0.094 0.767 
551 Mata_Mata1_    (0)    3 :  0.009 0.131 0.103 0.757 
552 Mata_Mata1_    (0)    3 :  0.005 0.136 0.076 0.784 
553 Mata_Mata1_    (0)    3 :  0.007 0.174 0.096 0.723 
554 Mata_Mata1_    (0)    3 :  0.006 0.143 0.079 0.772 
555 Mata_Mata1_    (0)    3 :  0.005 0.145 0.074 0.777 
556 Mata_Mata1_    (0)    3 :  0.005 0.143 0.088 0.763 
557 Mata_Mata1_    (0)    3 :  0.007 0.123 0.080 0.791 
558 Mata_Mata2_    (0)    3 :  0.007 0.133 0.113 0.747 
559 Mata_Mata2_    (0)    3 :  0.006 0.114 0.098 0.783 
560 Mata_Mata2_    (0)    3 :  0.005 0.140 0.087 0.768 
561 Mata_Mata2_    (0)    3 :  0.006 0.154 0.099 0.741 
562 Mata_Mata2_    (0)    3 :  0.007 0.113 0.109 0.771 
563 Mata_Mata2_    (0)    3 :  0.006 0.107 0.099 0.788 
564 Mata_Mata2_    (0)    3 :  0.006 0.113 0.087 0.793 
565 Mata_Mata2_    (0)    3 :  0.005 0.124 0.074 0.797 
566 Mata_Mata2_    (0)    3 :  0.008 0.146 0.111 0.734 
567 Mata_Mata3_    (0)    3 :  0.010 0.116 0.079 0.795 
568 Mata_Mata3_    (0)    3 :  0.007 0.135 0.084 0.773 
569 Mata_Mata3_    (0)    3 :  0.007 0.121 0.092 0.781 
570 Mata_Mata3_    (0)    3 :  0.005 0.128 0.075 0.792 
571 Mata_Mata3_    (0)    3 :  0.005 0.127 0.075 0.793 
572 Mata_Mata3_    (0)    3 :  0.005 0.150 0.076 0.768 
573 Mata_Mata3_    (0)    3 :  0.007 0.145 0.087 0.761 
574 Mata_Mata3_    (0)    3 :  0.005 0.140 0.078 0.776 
575 Mata_Mata3_    (0)    3 :  0.005 0.113 0.070 0.812 
576 Mata_Mata4_    (0)    3 :  0.005 0.133 0.070 0.792 
577 Mata_Mata4_    (0)    3 :  0.005 0.140 0.071 0.785 
578 Mata_Mata4_    (0)    3 :  0.007 0.123 0.076 0.794 
579 Mata_Mata4_    (0)    3 :  0.005 0.129 0.078 0.787 
580 Mata_Mata4_    (0)    3 :  0.006 0.153 0.086 0.756 
581 Mata_Mata4_    (0)    3 :  0.005 0.117 0.069 0.809 
582 Mata_Mata4_    (0)    3 :  0.006 0.136 0.079 0.779 
583 Mata_Mata4_    (0)    3 :  0.005 0.143 0.072 0.779 
584 Mata_Mata4_    (0)    3 :  0.006 0.129 0.083 0.782 
585 Mata_Mata4_    (0)    3 :  0.005 0.137 0.069 0.789 
586 Mata_Mata5_    (0)    3 :  0.011 0.135 0.096 0.758 
587 Muaiv_Muai    (0)    3 :  0.006 0.145 0.082 0.768 
588 Muaiv_Muai_    (0)    3 :  0.006 0.170 0.081 0.743 
589 Muaiv_Muai_    (0)    3 :  0.006 0.127 0.082 0.785 
590 Muaiv_Muai_    (0)    3 :  0.005 0.170 0.074 0.750 
591 Muaiv_Muai_    (0)    3 :  0.005 0.138 0.083 0.774 
592 Muaiv_Muai_    (0)    3 :  0.006 0.143 0.085 0.766 
593 Muaiv_Muai_    (0)    3 :  0.005 0.139 0.077 0.779 
594 Muaiv_Muai_    (0)    3 :  0.006 0.134 0.081 0.778 
595 Muaiv_Muai_    (0)    3 :  0.005 0.174 0.072 0.748 
596 Muaiv_Muai_    (0)    3 :  0.005 0.129 0.077 0.789 
597 Muaiv_Muai_    (0)    3 :  0.007 0.136 0.116 0.741 
598 Muaiv_Muai_    (0)    3 :  0.005 0.169 0.079 0.747 
599 Muaiv_Muai_    (0)    3 :  0.008 0.145 0.081 0.766 
600 Muaiv_Muai_    (0)    3 :  0.007 0.144 0.093 0.757 
601 Muaiv_Muai_    (0)    3 :  0.005 0.121 0.072 0.802 
602 Muaiv_Muai_    (0)    3 :  0.005 0.123 0.089 0.783 
603 Muaiv_Muai_    (0)    3 :  0.005 0.130 0.075 0.791 
604 Muaiv_Muai_    (0)    3 :  0.007 0.144 0.130 0.719 
605 Muaiv_Muai_    (0)    3 :  0.006 0.139 0.086 0.770 
606 Muaiv_Muai_    (0)    3 :  0.005 0.151 0.071 0.773 
607 Muaiv_Muai_    (0)    3 :  0.005 0.133 0.071 0.792 
608 Muaiv_Muai_    (0)    3 :  0.005 0.154 0.084 0.757 
609 Muaiv_Muai_    (0)    3 :  0.006 0.145 0.093 0.756 
610 Muaiv_Muai_    (0)    3 :  0.007 0.162 0.085 0.747 
611 Muaiv_Muai_    (0)    3 :  0.005 0.146 0.086 0.763 
612 Muaiv_Muai_    (0)    3 :  0.005 0.134 0.075 0.785 
613 Muaiv_Muai_    (0)    3 :  0.005 0.165 0.073 0.756 
614 Muaiv_Muai_    (0)    3 :  0.005 0.116 0.085 0.795 
615 Muaiv_Muai_    (0)    3 :  0.005 0.147 0.083 0.765 
616 Muaiv_Muai_    (0)    3 :  0.005 0.144 0.080 0.771 
617 Muaiv_Muai_    (0)    3 :  0.005 0.144 0.080 0.771 
618 Muaiv_Muai_    (0)    3 :  0.006 0.132 0.087 0.775 
619 Muaiv_Muai_    (0)    3 :  0.007 0.165 0.091 0.737 
620 Muaiv_Muai_    (0)    3 :  0.005 0.114 0.077 0.803 
621 Muaiv_Muai_    (0)    3 :  0.006 0.122 0.104 0.768 
622 Muaiv_Muai_    (0)    3 :  0.006 0.140 0.094 0.761 
623 Muaiv_Muai_    (0)    3 :  0.005 0.123 0.072 0.799 
624 Muaiv_Muai_    (0)    3 :  0.007 0.141 0.081 0.771 
625 Muaiv_Muai_    (0)    3 :  0.005 0.125 0.090 0.779 
626 Muaiv_Muai_    (0)    3 :  0.006 0.125 0.085 0.784 
627 Muaiv_Muai_    (0)    3 :  0.005 0.125 0.074 0.796 
628 Muaiv_Muai_    (0)    3 :  0.005 0.139 0.074 0.782 
629 Muaiv_Muai_    (0)    3 :  0.006 0.130 0.100 0.764 
630 Muaiv_Muai_    (0)    3 :  0.005 0.128 0.071 0.797 
631 Muaiv_Muai_    (0)    3 :  0.008 0.133 0.107 0.752 
632 Muaiv_Muai_    (0)    3 :  0.009 0.152 0.097 0.742 
633 Muaiv_Muai_    (0)    3 :  0.006 0.127 0.076 0.791 
634 Muaiv_Muai_    (0)    3 :  0.013 0.129 0.088 0.770 
635 Muaiv_Muai_    (0)    3 :  0.005 0.129 0.089 0.776 
636 Muaiv_Muai_    (0)    3 :  0.006 0.134 0.074 0.786 
637 Muaiv_Muai_    (0)    3 :  0.005 0.109 0.084 0.801 
638 Muaiv_Muai_    (0)    3 :  0.006 0.131 0.083 0.780 
639 Muaiv_Muai_    (0)    3 :  0.009 0.175 0.085 0.732 
640 Muaiv_Muai_    (0)    3 :  0.006 0.122 0.074 0.799 
641 Nadi_Nadi1    (0)    3 :  0.007 0.130 0.102 0.762 
642 Nadi_Nadi2    (0)    3 :  0.005 0.123 0.071 0.800 
643 Nadi_Nadi3    (0)    3 :  0.005 0.158 0.072 0.765 
644 Nadi_Nadi4    (0)    3 :  0.007 0.110 0.087 0.796 
645 Nadi_Nadi5    (0)    3 :  0.006 0.148 0.093 0.754 
646 Nadi_Nadi7    (0)    3 :  0.008 0.121 0.094 0.777 
647 Nadi_Nadi8    (0)    3 :  0.006 0.119 0.087 0.788 
648 Nadi_Nadi9    (0)    3 :  0.005 0.128 0.077 0.790 
649 Nadi_Nadi1_    (0)    3 :  0.005 0.116 0.072 0.807 
650 Nadi_Nadi1_    (0)    3 :  0.006 0.125 0.078 0.791 
651 Nadi_Nadi1_    (0)    3 :  0.006 0.116 0.077 0.800 
652 Nadi_Nadi1_    (0)    3 :  0.008 0.118 0.081 0.793 
653 Nadi_Nadi1_    (0)    3 :  0.006 0.118 0.092 0.784 
654 Nadi_Nadi1_    (0)    3 :  0.005 0.141 0.068 0.786 
655 Nadi_Nadi1_    (0)    3 :  0.006 0.141 0.085 0.769 
656 Nadi_Nadi1_    (0)    3 :  0.005 0.126 0.075 0.793 
657 Nadi_Nadi1_    (0)    3 :  0.006 0.114 0.078 0.802 
658 Nadi_Nadi1_    (0)    3 :  0.005 0.137 0.076 0.782 
659 Nadi_Nadi2_    (0)    3 :  0.006 0.133 0.083 0.778 
660 Nadi_Nadi2_    (0)    3 :  0.006 0.132 0.114 0.748 
661 Nadi_Nadi2_    (0)    3 :  0.005 0.163 0.067 0.765 
662 Nadi_Nadi2_    (0)    3 :  0.005 0.120 0.074 0.800 
663 Nadi_Nadi2_    (0)    3 :  0.005 0.141 0.070 0.784 
664 Nadi_Nadi2_    (0)    3 :  0.005 0.132 0.084 0.779 
665 Nadi_Nadi2_    (0)    3 :  0.005 0.134 0.071 0.789 
666 Nadi_Nadi2_    (0)    3 :  0.010 0.128 0.160 0.702 
667 Nadi_Nadi2_    (0)    3 :  0.006 0.142 0.094 0.758 
668 Nadi_Nadi3_    (0)    3 :  0.005 0.126 0.069 0.800 
669 Nadi_Nadi3_    (0)    3 :  0.005 0.124 0.087 0.784 
670 Nadi_Nadi3_    (0)    3 :  0.006 0.124 0.088 0.782 
671 Nadi_Nadi3_    (0)    3 :  0.005 0.129 0.075 0.791 
672 Nadi_Nadi3_    (0)    3 :  0.005 0.143 0.083 0.769 
673 Nadi_Nadi3_    (0)    3 :  0.005 0.136 0.081 0.778 
674 Nadi_Nadi3_    (0)    3 :  0.005 0.108 0.074 0.814 
675 Nadi_Nadi3_    (0)    3 :  0.005 0.112 0.071 0.813 
676 Nadi_Nadi3_    (0)    3 :  0.005 0.152 0.070 0.773 
677 Nadi_Nadi3_    (0)    3 :  0.006 0.139 0.084 0.770 
678 Nadi_Nadi4_    (0)    3 :  0.006 0.118 0.088 0.787 
679 Nadi_Nadi4_    (0)    3 :  0.005 0.120 0.066 0.810 
680 Nadi_Nadi4_    (0)    3 :  0.005 0.149 0.077 0.768 
681 Nadi_Nadi4_    (0)    3 :  0.006 0.111 0.084 0.800 
682 Nadi_Nadi4_    (0)    3 :  0.006 0.131 0.082 0.781 
683 Nadi_Nadi4_    (0)    3 :  0.006 0.129 0.072 0.793 
