

----------------------------------------------------
STRUCTURE by Pritchard, Stephens and Donnelly (2000)
     and Falush, Stephens and Pritchard (2003)
       Code by Pritchard, Falush and Hubisz
             Version 2.3.4 (Jul 2012)
----------------------------------------------------



Command line arguments:   /opt/anaconda3/bin/structure -K 6 -i /data/home/edc5240/Daruanus/Daruanus_All_8locus_stru.txt -o /data/home/edc5240/Daruanus/output/str_K6_rep1 -D 3506606 -m /data/home/edc5240/Daruanus/mainparams -e /data/home/edc5240/Daruanus/extraparams 
Input File:    /data/home/edc5240/Daruanus/Daruanus_All_8locus_stru.txt

Run parameters:
   1358 individuals
   8 loci
   6 populations assumed
   250000 Burn-in period
   1000000 Reps
LOCPRIOR model used
RANDOMIZE turned off


--------------------------------------------
Proportion of membership of each pre-defined
 population in each of the 6 clusters

Given    Inferred Clusters                            Number of
 Pop       1      2      3      4      5      6      Individuals

  1:     0.659  0.030  0.002  0.006  0.015  0.289       72
  2:     0.005  0.270  0.005  0.131  0.041  0.549      414
  3:     0.000  0.094  0.004  0.567  0.333  0.001      358
  4:     0.002  0.024  0.562  0.040  0.370  0.003      441
  5:     0.003  0.020  0.590  0.022  0.358  0.007       73
--------------------------------------------

Allele-freq. divergence among pops (Net nucleotide distance),
computed using point estimates of P.

      1       2       3       4       5       6      
 1      -    0.0098  0.0689  0.0436  0.0506  0.0138  
 2   0.0098     -    0.0503  0.0270  0.0347  0.0061  
 3   0.0689  0.0503     -    0.0702  0.0606  0.0668  
 4   0.0436  0.0270  0.0702     -    0.0264  0.0419  
 5   0.0506  0.0347  0.0606  0.0264     -    0.0551  
 6   0.0138  0.0061  0.0668  0.0419  0.0551     -    

Average distances (expected heterozygosity) between individuals in same cluster:
cluster  1  : 0.8920 
cluster  2  : 0.9171 
cluster  3  : 0.8029 
cluster  4  : 0.8175 
cluster  5  : 0.8127 
cluster  6  : 0.8978 

--------------------------------------------
Estimated Ln Prob of Data   = -55597.9
Mean value of ln likelihood = -54806.7
Variance of ln likelihood   = 1582.5
Mean value of alpha         = 4.3493

Mean value of alpha_local for each location:
	location  1:  38.7208  1.8287  0.1278  0.3537  0.9906  17.0534
	location  2:  0.1407  9.3312  0.1812  4.4431  1.4730  17.8804
	location  3:  0.0090  1.6686  0.0865  9.9789  5.8485  0.0310
	location  4:  0.0876  0.9033  20.4055  1.4694  13.8983  0.0787
	location  5:  0.1439  1.0307  30.7867  1.1975  18.9223  0.3453

Mean value of Fst_1         = 0.0322
Mean value of Fst_2         = 0.0002
Mean value of Fst_3         = 0.1164
Mean value of Fst_4         = 0.0617
Mean value of Fst_5         = 0.0987
Mean value of Fst_6         = 0.0190

Mean value of r = 0.0601

Inferred ancestry of individuals:
        Label (%Miss) Pop:  Inferred clusters
  1 Lion_Lion1    (0)    1 :  0.673 0.028 0.002 0.006 0.015 0.277 
  2 Lion_Lion2    (0)    1 :  0.662 0.030 0.002 0.007 0.016 0.282 
  3 Lion_Lion3    (0)    1 :  0.667 0.029 0.002 0.006 0.017 0.279 
  4 Lion_Lion4    (0)    1 :  0.654 0.029 0.002 0.006 0.017 0.292 
  5 Lion_Lion5    (0)    1 :  0.668 0.029 0.002 0.006 0.014 0.282 
  6 Lion_Lion6    (0)    1 :  0.658 0.031 0.002 0.006 0.014 0.290 
  7 Lion_Lion7    (0)    1 :  0.654 0.030 0.002 0.006 0.015 0.293 
  8 Lion_Lion8    (0)    1 :  0.661 0.029 0.002 0.006 0.015 0.287 
  9 Lion_Lion9    (0)    1 :  0.672 0.029 0.002 0.007 0.017 0.273 
 10 Lion_Lion10    (0)    1 :  0.638 0.032 0.002 0.005 0.013 0.310 
 11 Lion_Lion11    (0)    1 :  0.660 0.030 0.002 0.006 0.016 0.286 
 12 Lion_Lion13    (0)    1 :  0.650 0.029 0.002 0.006 0.016 0.297 
 13 Lion_Lion14    (0)    1 :  0.670 0.030 0.002 0.006 0.014 0.277 
 14 Lion_Lion15    (0)    1 :  0.653 0.031 0.002 0.006 0.014 0.294 
 15 Lion_Lion16    (0)    1 :  0.653 0.030 0.002 0.005 0.014 0.296 
 16 Lion_Lion17    (0)    1 :  0.676 0.031 0.002 0.006 0.014 0.271 
 17 Lion_Lion18    (0)    1 :  0.658 0.028 0.002 0.006 0.014 0.292 
 18 Lion_Lion19    (0)    1 :  0.657 0.031 0.002 0.008 0.016 0.286 
 19 Lion_Lion20    (0)    1 :  0.642 0.031 0.002 0.006 0.018 0.301 
 20 Lion_Lion21    (0)    1 :  0.648 0.030 0.002 0.006 0.014 0.300 
 21 Lion_Lion22    (0)    1 :  0.675 0.028 0.002 0.005 0.013 0.276 
 22 Lion_Lion23    (0)    1 :  0.657 0.029 0.002 0.006 0.014 0.292 
 23 Lion_Lion24    (0)    1 :  0.654 0.030 0.002 0.007 0.017 0.290 
 24 Lion_Lion25    (0)    1 :  0.658 0.029 0.002 0.006 0.016 0.289 
 25 Lion_Lion26    (0)    1 :  0.664 0.029 0.002 0.006 0.015 0.284 
 26 Lion_Lion27    (0)    1 :  0.658 0.029 0.002 0.006 0.015 0.290 
 27 Lion_Lion28    (0)    1 :  0.667 0.030 0.002 0.005 0.016 0.280 
 28 Lion_Lion29    (0)    1 :  0.667 0.030 0.002 0.005 0.013 0.283 
 29 Lion_Lion30    (0)    1 :  0.649 0.031 0.003 0.007 0.015 0.296 
 30 Lion_Lion31    (0)    1 :  0.672 0.029 0.002 0.006 0.014 0.278 
 31 Lion_Lion32    (0)    1 :  0.680 0.027 0.002 0.005 0.013 0.273 
 32 Lion_Lion33    (0)    1 :  0.648 0.029 0.002 0.006 0.014 0.301 
 33 Lion_Lion34    (0)    1 :  0.665 0.028 0.002 0.006 0.014 0.286 
 34 Lion_Lion36    (0)    1 :  0.649 0.029 0.002 0.006 0.014 0.299 
 35 Lion_Lion38    (0)    1 :  0.658 0.029 0.002 0.006 0.014 0.292 
 36 Lion_Lion39    (0)    1 :  0.659 0.031 0.002 0.005 0.014 0.288 
 37 Lion_Lion40    (0)    1 :  0.668 0.028 0.002 0.006 0.015 0.280 
 38 Lion_Lion41    (0)    1 :  0.644 0.031 0.002 0.007 0.016 0.301 
 39 Lion_Lion42    (0)    1 :  0.650 0.031 0.002 0.006 0.015 0.297 
 40 Lion_Lion43    (0)    1 :  0.647 0.029 0.002 0.006 0.015 0.301 
 41 Lion_Lion44    (0)    1 :  0.660 0.031 0.002 0.007 0.015 0.285 
 42 Lion_Lion45    (0)    1 :  0.670 0.029 0.002 0.006 0.018 0.275 
 43 Lion_Lion46    (0)    1 :  0.671 0.029 0.002 0.006 0.017 0.275 
 44 Lion_Lion47    (0)    1 :  0.658 0.030 0.002 0.006 0.016 0.287 
 45 Lion_Lion48    (0)    1 :  0.646 0.029 0.002 0.006 0.015 0.302 
 46 Lion_Lion49    (0)    1 :  0.651 0.029 0.002 0.006 0.015 0.296 
 47 Lion_Lion50    (0)    1 :  0.647 0.031 0.002 0.006 0.016 0.297 
 48 Lion_Lion51    (0)    1 :  0.665 0.028 0.002 0.006 0.014 0.286 
 49 Lion_Lion52    (0)    1 :  0.660 0.030 0.002 0.006 0.016 0.286 
 50 Lolo_Lolo1    (0)    1 :  0.679 0.028 0.002 0.006 0.016 0.270 
 51 Lolo_Lolo2    (0)    1 :  0.675 0.030 0.002 0.006 0.015 0.271 
 52 Lolo_Lolo3    (0)    1 :  0.665 0.029 0.002 0.006 0.015 0.283 
 53 Lolo_Lolo4    (0)    1 :  0.653 0.028 0.002 0.005 0.017 0.295 
 54 Lolo_Lolo5    (0)    1 :  0.666 0.030 0.002 0.006 0.016 0.280 
 55 Lolo_Lolo6    (0)    1 :  0.644 0.030 0.003 0.006 0.016 0.301 
 56 Lolo_Lolo7    (0)    1 :  0.667 0.029 0.002 0.006 0.014 0.282 
 57 Lolo_Lolo8    (0)    1 :  0.669 0.029 0.002 0.006 0.016 0.279 
 58 Lolo_Lolo9    (0)    1 :  0.669 0.029 0.002 0.006 0.016 0.278 
 59 Manu_Manu1    (0)    1 :  0.665 0.030 0.002 0.006 0.015 0.282 
 60 Manu_Manu2    (0)    1 :  0.651 0.030 0.002 0.006 0.017 0.294 
 61 Manu_Manu3    (0)    1 :  0.650 0.029 0.002 0.006 0.014 0.299 
 62 Manu_Manu4    (0)    1 :  0.657 0.029 0.002 0.007 0.018 0.288 
 63 Manu_Manu5    (0)    1 :  0.640 0.030 0.003 0.006 0.017 0.305 
 64 Manu_Manu6    (0)    1 :  0.637 0.030 0.002 0.006 0.014 0.310 
 65 Manu_Manu7    (0)    1 :  0.656 0.030 0.002 0.006 0.014 0.292 
 66 Manu_Manu8    (0)    1 :  0.655 0.030 0.002 0.006 0.014 0.294 
 67 Manu_Manu9    (0)    1 :  0.657 0.031 0.002 0.007 0.016 0.287 
 68 Manu_Manu10    (0)    1 :  0.644 0.031 0.002 0.006 0.015 0.302 
 69 Manu_Manu11    (0)    1 :  0.654 0.030 0.002 0.006 0.014 0.294 
 70 Manu_Manu13    (0)    1 :  0.669 0.029 0.002 0.007 0.017 0.276 
 71 Manu_Manu14    (0)    1 :  0.642 0.029 0.002 0.005 0.013 0.308 
 72 Manu_Manu15    (0)    1 :  0.667 0.028 0.002 0.006 0.014 0.284 
 73   Go_Go1    (0)    2 :  0.005 0.275 0.005 0.136 0.043 0.535 
 74   Go_Go2    (0)    2 :  0.005 0.257 0.006 0.154 0.038 0.540 
 75   Go_Go3    (0)    2 :  0.005 0.285 0.005 0.129 0.042 0.534 
 76   Go_Go4    (0)    2 :  0.005 0.272 0.005 0.126 0.038 0.554 
 77   Go_Go5    (0)    2 :  0.005 0.277 0.005 0.127 0.046 0.540 
 78   Go_Go6    (0)    2 :  0.005 0.271 0.005 0.129 0.034 0.556 
 79   Go_Go7    (0)    2 :  0.005 0.269 0.005 0.143 0.040 0.539 
 80   Go_Go8    (0)    2 :  0.006 0.277 0.004 0.136 0.037 0.540 
 81   Go_Go9    (0)    2 :  0.006 0.276 0.007 0.117 0.043 0.551 
 82  Go_Go10    (0)    2 :  0.004 0.282 0.005 0.128 0.040 0.542 
 83  Go_Go11    (0)    2 :  0.004 0.266 0.005 0.136 0.038 0.550 
 84  Go_Go12    (0)    2 :  0.006 0.268 0.005 0.130 0.044 0.547 
 85  Go_Go13    (0)    2 :  0.004 0.271 0.005 0.112 0.042 0.567 
 86  Go_Go14    (0)    2 :  0.005 0.268 0.006 0.137 0.041 0.543 
 87  Go_Go15    (0)    2 :  0.004 0.268 0.005 0.139 0.037 0.547 
 88  Go_Go16    (0)    2 :  0.005 0.289 0.005 0.128 0.037 0.535 
 89  Go_Go17    (0)    2 :  0.005 0.257 0.005 0.132 0.041 0.560 
 90  Go_Go18    (0)    2 :  0.005 0.270 0.006 0.136 0.043 0.540 
 91  Go_Go19    (0)    2 :  0.004 0.260 0.007 0.147 0.046 0.536 
 92  Go_Go20    (0)    2 :  0.005 0.274 0.004 0.134 0.039 0.545 
 93  Go_Go21    (0)    2 :  0.004 0.263 0.005 0.122 0.043 0.563 
 94  Go_Go22    (0)    2 :  0.005 0.268 0.005 0.127 0.039 0.556 
 95  Go_Go23    (0)    2 :  0.004 0.260 0.005 0.139 0.050 0.542 
 96  Go_Go24    (0)    2 :  0.004 0.267 0.006 0.130 0.038 0.555 
 97  Go_Go25    (0)    2 :  0.005 0.264 0.005 0.144 0.044 0.538 
 98  Go_Go27    (0)    2 :  0.004 0.266 0.010 0.147 0.041 0.532 
 99  Go_Go28    (0)    2 :  0.005 0.277 0.008 0.136 0.045 0.528 
100  Go_Go29    (0)    2 :  0.004 0.262 0.007 0.158 0.055 0.513 
101  Go_Go30    (0)    2 :  0.004 0.262 0.005 0.110 0.034 0.584 
102  Go_Go31    (0)    2 :  0.004 0.254 0.005 0.152 0.041 0.544 
103  Go_Go32    (0)    2 :  0.004 0.275 0.007 0.142 0.045 0.527 
104  Go_Go33    (0)    2 :  0.004 0.263 0.005 0.117 0.037 0.574 
105  Go_Go34    (0)    2 :  0.004 0.257 0.005 0.134 0.047 0.553 
106  Go_Go35    (0)    2 :  0.005 0.267 0.006 0.146 0.041 0.535 
107  Go_Go36    (0)    2 :  0.004 0.278 0.004 0.147 0.037 0.530 
108  Go_Go37    (0)    2 :  0.005 0.286 0.005 0.125 0.042 0.537 
109  Go_Go38    (0)    2 :  0.005 0.277 0.004 0.117 0.034 0.564 
110  Go_Go39    (0)    2 :  0.005 0.271 0.005 0.139 0.058 0.522 
111  Go_Go40    (0)    2 :  0.005 0.267 0.004 0.133 0.044 0.547 
112  Go_Go41    (0)    2 :  0.004 0.266 0.005 0.147 0.037 0.541 
113  Go_Go42    (0)    2 :  0.004 0.262 0.006 0.175 0.051 0.501 
114  Go_Go43    (0)    2 :  0.004 0.259 0.005 0.154 0.052 0.526 
115  Go_Go44    (0)    2 :  0.005 0.274 0.006 0.132 0.041 0.542 
116  Go_Go45    (0)    2 :  0.004 0.275 0.004 0.124 0.041 0.551 
117  Go_Go46    (0)    2 :  0.005 0.279 0.006 0.141 0.037 0.532 
118  Go_Go47    (0)    2 :  0.005 0.283 0.006 0.122 0.047 0.538 
119  Go_Go48    (0)    2 :  0.004 0.264 0.004 0.123 0.036 0.569 
120  Go_Go49    (0)    2 :  0.005 0.282 0.006 0.125 0.040 0.542 
121  Go_Go50    (0)    2 :  0.005 0.269 0.005 0.122 0.042 0.556 
122  Go_Go51    (0)    2 :  0.005 0.276 0.006 0.103 0.031 0.579 
123  Go_Go52    (0)    2 :  0.004 0.273 0.005 0.122 0.038 0.558 
124  Go_Go53    (0)    2 :  0.005 0.264 0.005 0.122 0.039 0.564 
125  Go_Go54    (0)    2 :  0.004 0.260 0.005 0.117 0.039 0.575 
126  Go_Go55    (0)    2 :  0.004 0.268 0.005 0.115 0.033 0.575 
127  Go_Go56    (0)    2 :  0.004 0.265 0.006 0.142 0.035 0.547 
128 Hie_Hie2    (0)    2 :  0.004 0.307 0.006 0.114 0.038 0.531 
129 Hie_Hie3    (0)    2 :  0.005 0.267 0.007 0.141 0.042 0.539 
130 Hie_Hie4    (0)    2 :  0.004 0.256 0.006 0.160 0.038 0.536 
131 Hie_Hie5    (0)    2 :  0.004 0.254 0.005 0.128 0.038 0.572 
132 Hie_Hie6    (0)    2 :  0.005 0.269 0.006 0.133 0.042 0.545 
133 Hie_Hie7    (0)    2 :  0.004 0.258 0.006 0.129 0.048 0.554 
134 Hie_Hie8    (0)    2 :  0.005 0.272 0.005 0.139 0.041 0.538 
135 Hie_Hie9    (0)    2 :  0.006 0.273 0.005 0.122 0.047 0.547 
136 Hie_Hie11    (0)    2 :  0.005 0.263 0.005 0.148 0.053 0.526 
137 Hie_Hie12    (0)    2 :  0.004 0.253 0.005 0.128 0.035 0.575 
138 Hie_Hie13    (0)    2 :  0.005 0.274 0.005 0.136 0.037 0.543 
139 Hie_Hie14    (0)    2 :  0.005 0.280 0.004 0.114 0.037 0.560 
140 Hie_Hie15    (0)    2 :  0.005 0.274 0.006 0.132 0.043 0.540 
141 Hie_Hie16    (0)    2 :  0.005 0.259 0.005 0.115 0.034 0.583 
142 Hie_Hie17    (0)    2 :  0.004 0.260 0.006 0.155 0.065 0.509 
143 Hie_Hie18    (0)    2 :  0.005 0.272 0.005 0.122 0.040 0.556 
144 Hie_Hie19    (0)    2 :  0.004 0.279 0.005 0.151 0.043 0.517 
145 Hie_Hie20    (0)    2 :  0.004 0.281 0.006 0.123 0.049 0.537 
146 Hie_Hie21    (0)    2 :  0.005 0.274 0.005 0.141 0.042 0.533 
147 Hie_Hie22    (0)    2 :  0.004 0.265 0.005 0.131 0.039 0.554 
148 Hie_Hie23    (0)    2 :  0.005 0.276 0.005 0.117 0.035 0.563 
149 Hie_Hie24    (0)    2 :  0.005 0.265 0.005 0.123 0.040 0.563 
150 Hie_Hie25    (0)    2 :  0.004 0.253 0.005 0.140 0.042 0.556 
151 Hie_Hie26    (0)    2 :  0.005 0.264 0.004 0.118 0.034 0.574 
152 Hie_Hie27    (0)    2 :  0.005 0.279 0.005 0.132 0.043 0.536 
153 Hie_Hie28    (0)    2 :  0.004 0.271 0.007 0.132 0.042 0.544 
154 Hie_Hie29    (0)    2 :  0.004 0.269 0.010 0.138 0.040 0.538 
155 Hie_Hie30    (0)    2 :  0.005 0.284 0.006 0.122 0.036 0.548 
156 Hie_Hie31    (0)    2 :  0.004 0.259 0.006 0.123 0.039 0.569 
157 Hie_Hie32    (0)    2 :  0.004 0.267 0.006 0.121 0.036 0.566 
158 Hie_Hie33    (0)    2 :  0.005 0.262 0.006 0.136 0.039 0.552 
159 Hie_Hie34    (0)    2 :  0.005 0.267 0.005 0.125 0.049 0.550 
160 Hie_Hie35    (0)    2 :  0.004 0.264 0.005 0.142 0.035 0.550 
161 Hie_Hie36    (0)    2 :  0.005 0.256 0.005 0.130 0.040 0.565 
162 Hie_Hie37    (0)    2 :  0.005 0.263 0.005 0.122 0.048 0.558 
163 Hie_Hie38    (0)    2 :  0.004 0.267 0.007 0.126 0.036 0.560 
164 Hie_Hie39    (0)    2 :  0.006 0.273 0.005 0.138 0.041 0.538 
165 Hie_Hie40    (0)    2 :  0.005 0.267 0.005 0.120 0.042 0.561 
166 Hie_Hie41    (0)    2 :  0.007 0.281 0.006 0.125 0.037 0.544 
167 Hie_Hie42    (0)    2 :  0.006 0.271 0.008 0.173 0.054 0.487 
168 Hie_Hie43    (0)    2 :  0.005 0.272 0.010 0.143 0.045 0.525 
169 Hie_Hie44    (0)    2 :  0.004 0.287 0.004 0.130 0.032 0.542 
170 Hie_Hie45    (0)    2 :  0.005 0.254 0.006 0.161 0.047 0.528 
171 Hie_Hie46    (0)    2 :  0.004 0.259 0.006 0.133 0.037 0.560 
172 Hie_Hie47    (0)    2 :  0.005 0.270 0.005 0.125 0.034 0.562 
173 Hie_Hie48    (0)    2 :  0.005 0.263 0.005 0.128 0.043 0.556 
174 Hie_Hie49    (0)    2 :  0.004 0.285 0.004 0.111 0.041 0.555 
175 Lar_Lar1    (0)    2 :  0.005 0.266 0.004 0.117 0.036 0.571 
176 Lar_Lar2    (0)    2 :  0.005 0.272 0.006 0.119 0.039 0.560 
177 Lar_Lar3    (0)    2 :  0.004 0.257 0.008 0.150 0.041 0.539 
178 Lar_Lar4    (0)    2 :  0.004 0.257 0.006 0.136 0.042 0.555 
179 Lar_Lar5    (0)    2 :  0.005 0.264 0.005 0.126 0.040 0.560 
180 Lar_Lar6    (0)    2 :  0.004 0.279 0.005 0.121 0.036 0.554 
181 Lar_Lar7    (0)    2 :  0.004 0.274 0.006 0.157 0.047 0.511 
182 Lar_Lar8    (0)    2 :  0.005 0.257 0.005 0.140 0.045 0.549 
183 Lar_Lar10    (0)    2 :  0.005 0.270 0.006 0.136 0.040 0.543 
184 Lar_Lar11    (0)    2 :  0.004 0.271 0.007 0.127 0.041 0.550 
185 Lar_Lar12    (0)    2 :  0.004 0.274 0.006 0.134 0.051 0.530 
186 Lar_Lar14    (0)    2 :  0.005 0.292 0.005 0.134 0.036 0.528 
187 Lar_Lar15    (0)    2 :  0.005 0.265 0.006 0.123 0.039 0.563 
188 Lar_Lar16    (0)    2 :  0.005 0.255 0.005 0.117 0.044 0.575 
189 Lar_Lar17    (0)    2 :  0.004 0.273 0.005 0.156 0.045 0.517 
190 Lar_Lar18    (0)    2 :  0.004 0.265 0.005 0.131 0.042 0.554 
191 Lar_Lar19    (0)    2 :  0.004 0.256 0.005 0.125 0.040 0.569 
192 Lar_Lar20    (0)    2 :  0.004 0.278 0.008 0.134 0.052 0.524 
193 Lar_Lar21    (0)    2 :  0.005 0.263 0.004 0.115 0.031 0.582 
194 Lar_Lar22    (0)    2 :  0.004 0.275 0.005 0.129 0.043 0.544 
195 Lar_Lar23    (0)    2 :  0.005 0.258 0.005 0.121 0.035 0.576 
196 Lar_Lar24    (0)    2 :  0.005 0.261 0.005 0.132 0.043 0.554 
197 Lar_Lar25    (0)    2 :  0.005 0.278 0.007 0.128 0.045 0.537 
198 Lar_Lar26    (0)    2 :  0.005 0.269 0.006 0.135 0.040 0.546 
199 Lar_Lar27    (0)    2 :  0.006 0.270 0.005 0.124 0.050 0.545 
200 Lar_Lar28    (0)    2 :  0.004 0.256 0.007 0.120 0.038 0.575 
201 Lar_Lar29    (0)    2 :  0.004 0.272 0.005 0.122 0.035 0.562 
202 Lar_Lar30    (0)    2 :  0.006 0.263 0.005 0.146 0.039 0.542 
203 Lar_Lar31    (0)    2 :  0.004 0.279 0.005 0.123 0.041 0.548 
204 Lar_Lar32    (0)    2 :  0.005 0.263 0.005 0.150 0.042 0.536 
205 Lar_Lar33    (0)    2 :  0.004 0.252 0.007 0.134 0.044 0.559 
206 Lar_Lar34    (0)    2 :  0.005 0.256 0.004 0.143 0.046 0.546 
207 Lar_Lar35    (0)    2 :  0.004 0.264 0.005 0.127 0.035 0.566 
208 Lar_Lar36    (0)    2 :  0.005 0.274 0.011 0.133 0.048 0.529 
209 Lar_Lar37    (0)    2 :  0.005 0.278 0.005 0.127 0.038 0.546 
210 Lar_Lar38    (0)    2 :  0.005 0.277 0.005 0.122 0.036 0.555 
211 Lar_Lar39    (0)    2 :  0.005 0.288 0.006 0.140 0.043 0.517 
212 Lar_Lar40    (0)    2 :  0.005 0.255 0.005 0.137 0.038 0.560 
213 Lar_Lar41    (0)    2 :  0.004 0.267 0.004 0.113 0.033 0.579 
214 Lar_Lar42    (0)    2 :  0.005 0.260 0.006 0.120 0.039 0.570 
215 Lar_Lar43    (0)    2 :  0.004 0.261 0.008 0.163 0.052 0.512 
216 Lar_Lar44    (0)    2 :  0.005 0.290 0.006 0.132 0.046 0.521 
217 Lar_Lar45    (0)    2 :  0.005 0.268 0.005 0.126 0.042 0.554 
218 Lar_Lar46    (0)    2 :  0.004 0.246 0.004 0.111 0.034 0.599 
219 Lar_Lar47    (0)    2 :  0.005 0.282 0.006 0.130 0.035 0.542 
220 Lar_Lar48    (0)    2 :  0.005 0.268 0.005 0.144 0.039 0.540 
221 Lar_Lar49    (0)    2 :  0.005 0.268 0.008 0.138 0.045 0.538 
222 Lar_Lar50    (0)    2 :  0.005 0.270 0.005 0.115 0.035 0.570 
223 Lar_Lar51    (0)    2 :  0.004 0.259 0.005 0.137 0.042 0.552 
224 Lar_Lar52    (0)    2 :  0.005 0.279 0.005 0.115 0.042 0.555 
225 Lar_Lar53    (0)    2 :  0.005 0.266 0.004 0.106 0.033 0.586 
226 Mara_Mara1    (0)    2 :  0.005 0.282 0.005 0.119 0.037 0.552 
227 Mara_Mara2    (0)    2 :  0.004 0.275 0.005 0.121 0.038 0.557 
228 Mara_Mara3    (0)    2 :  0.004 0.254 0.004 0.136 0.037 0.564 
229 Mara_Mara4    (0)    2 :  0.005 0.280 0.007 0.123 0.041 0.545 
230 Mara_Mara5    (0)    2 :  0.005 0.273 0.005 0.119 0.036 0.562 
231 Mara_Mara6    (0)    2 :  0.005 0.284 0.006 0.119 0.039 0.547 
232 Mara_Mara7    (0)    2 :  0.006 0.294 0.006 0.124 0.038 0.532 
233 Mara_Mara8    (0)    2 :  0.004 0.256 0.005 0.134 0.043 0.558 
234 Mara_Mara9    (0)    2 :  0.005 0.252 0.004 0.122 0.034 0.582 
235 Mara_Mara1_    (0)    2 :  0.004 0.267 0.008 0.157 0.043 0.521 
236 Mara_Mara1_    (0)    2 :  0.004 0.272 0.006 0.130 0.049 0.538 
237 Mara_Mara1_    (0)    2 :  0.004 0.269 0.005 0.126 0.044 0.552 
238 Mara_Mara1_    (0)    2 :  0.004 0.286 0.006 0.118 0.038 0.548 
239 Mara_Mara1_    (0)    2 :  0.005 0.281 0.012 0.126 0.044 0.532 
240 Mara_Mara1_    (0)    2 :  0.005 0.265 0.005 0.127 0.049 0.549 
241 Mara_Mara1_    (0)    2 :  0.005 0.279 0.005 0.136 0.045 0.530 
242 Mara_Mara1_    (0)    2 :  0.005 0.274 0.005 0.132 0.043 0.542 
243 Mara_Mara1_    (0)    2 :  0.005 0.260 0.006 0.122 0.042 0.566 
244 Mara_Mara1_    (0)    2 :  0.005 0.263 0.005 0.124 0.044 0.558 
245 Mara_Mara2_    (0)    2 :  0.004 0.263 0.005 0.139 0.041 0.547 
246 Mara_Mara2_    (0)    2 :  0.005 0.276 0.007 0.132 0.050 0.529 
247 Mara_Mara2_    (0)    2 :  0.005 0.261 0.004 0.118 0.035 0.576 
248 Mara_Mara2_    (0)    2 :  0.004 0.267 0.005 0.121 0.037 0.565 
249 Mara_Mara2_    (0)    2 :  0.004 0.255 0.006 0.127 0.034 0.573 
250 Mara_Mara2_    (0)    2 :  0.004 0.261 0.005 0.144 0.043 0.543 
251 Mara_Mara2_    (0)    2 :  0.004 0.282 0.004 0.117 0.038 0.554 
252 Mara_Mara2_    (0)    2 :  0.005 0.276 0.005 0.126 0.044 0.545 
253 Mara_Mara2_    (0)    2 :  0.006 0.271 0.009 0.122 0.042 0.550 
254 Mara_Mara2_    (0)    2 :  0.005 0.276 0.007 0.135 0.053 0.524 
255 Mara_Mara3_    (0)    2 :  0.006 0.299 0.012 0.140 0.046 0.496 
256 Mara_Mara3_    (0)    2 :  0.006 0.275 0.006 0.139 0.054 0.520 
257 Mara_Mara3_    (0)    2 :  0.005 0.278 0.005 0.125 0.038 0.550 
258 Mara_Mara3_    (0)    2 :  0.004 0.271 0.006 0.129 0.040 0.550 
259 Mara_Mara3_    (0)    2 :  0.004 0.260 0.008 0.138 0.039 0.550 
260 Mara_Mara3_    (0)    2 :  0.004 0.270 0.007 0.139 0.037 0.543 
261 Mara_Mara3_    (0)    2 :  0.005 0.264 0.006 0.123 0.047 0.555 
262 Mara_Mara3_    (0)    2 :  0.004 0.271 0.005 0.135 0.041 0.545 
263 Mara_Mara3_    (0)    2 :  0.004 0.249 0.004 0.118 0.038 0.586 
264 Mara_Mara3_    (0)    2 :  0.004 0.259 0.005 0.139 0.040 0.553 
265 Mara_Mara4_    (0)    2 :  0.004 0.261 0.005 0.155 0.055 0.519 
266 Mara_Mara4_    (0)    2 :  0.006 0.268 0.005 0.122 0.036 0.564 
267 Mara_Mara4_    (0)    2 :  0.004 0.259 0.005 0.139 0.039 0.554 
268 Mara_Mara4_    (0)    2 :  0.004 0.263 0.005 0.117 0.041 0.569 
269 Mara_Mara4_    (0)    2 :  0.005 0.263 0.004 0.119 0.041 0.568 
270 Mara_Mara4_    (0)    2 :  0.004 0.277 0.005 0.126 0.035 0.553 
271 Mara_Mara4_    (0)    2 :  0.005 0.259 0.005 0.146 0.041 0.545 
272 Mara_Mara4_    (0)    2 :  0.005 0.259 0.005 0.133 0.042 0.557 
273 Mara_Mara4_    (0)    2 :  0.005 0.276 0.008 0.110 0.038 0.563 
274 Mara_Mara4_    (0)    2 :  0.004 0.262 0.005 0.123 0.039 0.567 
275 Mara_Mara5_    (0)    2 :  0.005 0.256 0.005 0.123 0.040 0.571 
276 Mara_Mara5_    (0)    2 :  0.005 0.274 0.006 0.115 0.040 0.560 
277 Mara_Mara5_    (0)    2 :  0.005 0.277 0.008 0.136 0.050 0.524 
278 MBO_MBO1    (0)    2 :  0.006 0.275 0.005 0.157 0.041 0.516 
279 MBO_MBO2    (0)    2 :  0.004 0.262 0.006 0.145 0.049 0.533 
280 MBO_MBO3    (0)    2 :  0.004 0.265 0.004 0.122 0.037 0.568 
281 MBO_MBO4    (0)    2 :  0.006 0.260 0.006 0.139 0.041 0.548 
282 MBO_MBO6    (0)    2 :  0.004 0.269 0.005 0.143 0.041 0.538 
283 MBO_MBO7    (0)    2 :  0.004 0.262 0.006 0.109 0.037 0.583 
284 MBO_MBO8    (0)    2 :  0.004 0.272 0.005 0.152 0.047 0.519 
285 MBO_MBO9    (0)    2 :  0.005 0.265 0.006 0.160 0.046 0.519 
286 MBO_MBO10    (0)    2 :  0.005 0.272 0.005 0.125 0.044 0.549 
287 MBO_MBO11    (0)    2 :  0.005 0.310 0.005 0.109 0.041 0.530 
288 MBO_MBO12    (0)    2 :  0.005 0.299 0.005 0.110 0.037 0.545 
289 MBO_MBO13    (0)    2 :  0.004 0.274 0.004 0.122 0.038 0.557 
290 MBO_MBO14    (0)    2 :  0.004 0.259 0.005 0.118 0.041 0.573 
291 MBO_MBO15    (0)    2 :  0.005 0.266 0.005 0.137 0.046 0.542 
292 MBO_MBO16    (0)    2 :  0.004 0.275 0.004 0.126 0.039 0.552 
293 MBO_MBO17    (0)    2 :  0.005 0.277 0.005 0.135 0.036 0.542 
294 MBO_MBO18    (0)    2 :  0.005 0.277 0.005 0.140 0.050 0.523 
295 MBO_MBO19    (0)    2 :  0.005 0.292 0.005 0.136 0.041 0.522 
296 MBO_MBO20    (0)    2 :  0.004 0.267 0.007 0.114 0.048 0.559 
297 MBO_MBO21    (0)    2 :  0.005 0.266 0.005 0.119 0.040 0.565 
298 MBO_MBO22    (0)    2 :  0.005 0.269 0.005 0.116 0.042 0.563 
299 MBO_MBO23    (0)    2 :  0.005 0.259 0.006 0.118 0.045 0.567 
300 MBO_MBO24    (0)    2 :  0.004 0.270 0.006 0.120 0.036 0.565 
301 MBO_MBO25    (0)    2 :  0.004 0.264 0.005 0.126 0.035 0.566 
302 MBO_MBO26    (0)    2 :  0.004 0.269 0.005 0.117 0.045 0.560 
303 MBO_MBO27    (0)    2 :  0.005 0.269 0.006 0.131 0.039 0.550 
304 MBO_MBO28    (0)    2 :  0.005 0.283 0.008 0.125 0.038 0.542 
305 MBO_MBO29    (0)    2 :  0.005 0.278 0.007 0.128 0.042 0.540 
306 MBO_MBO30    (0)    2 :  0.007 0.268 0.005 0.123 0.038 0.558 
307 MBO_MBO31    (0)    2 :  0.006 0.277 0.005 0.143 0.042 0.526 
308 MBO_MBO32    (0)    2 :  0.005 0.280 0.005 0.121 0.037 0.553 
309 MBO_MBO33    (0)    2 :  0.005 0.278 0.005 0.143 0.042 0.526 
310 MBO_MBO34    (0)    2 :  0.005 0.259 0.006 0.126 0.037 0.567 
311 MBO_MBO35    (0)    2 :  0.005 0.305 0.004 0.125 0.033 0.527 
312 MBO_MBO36    (0)    2 :  0.006 0.285 0.006 0.114 0.046 0.543 
313 MBO_MBO37    (0)    2 :  0.005 0.265 0.005 0.134 0.045 0.546 
314 MBO_MBO38    (0)    2 :  0.005 0.270 0.005 0.153 0.039 0.528 
315 MBO_MBO39    (0)    2 :  0.005 0.257 0.004 0.120 0.034 0.580 
316 MBO_MBO40    (0)    2 :  0.005 0.259 0.005 0.122 0.044 0.566 
317 MBO_MBO41    (0)    2 :  0.004 0.262 0.004 0.157 0.040 0.534 
318 MBO_MBO42    (0)    2 :  0.005 0.269 0.005 0.134 0.040 0.547 
319 MBO_MBO43    (0)    2 :  0.006 0.286 0.004 0.114 0.034 0.556 
320 MBO_MBO44    (0)    2 :  0.006 0.276 0.005 0.132 0.040 0.542 
321 MBO_MBO45    (0)    2 :  0.005 0.262 0.005 0.146 0.044 0.537 
322 MBO_MBO46    (0)    2 :  0.005 0.274 0.005 0.125 0.045 0.547 
323 MBO_MBO47    (0)    2 :  0.004 0.282 0.005 0.127 0.043 0.539 
324 MBO_MBO48    (0)    2 :  0.005 0.274 0.004 0.121 0.041 0.555 
325 MBO_MBO49    (0)    2 :  0.005 0.288 0.005 0.136 0.039 0.528 
326 MBO_MBO50    (0)    2 :  0.004 0.269 0.005 0.118 0.038 0.566 
327 MBO_MBO51    (0)    2 :  0.005 0.273 0.005 0.112 0.037 0.569 
328 QBW_QBW1    (0)    2 :  0.004 0.258 0.005 0.136 0.038 0.559 
329 QBW_QBW2    (0)    2 :  0.005 0.263 0.005 0.125 0.033 0.571 
330 QBW_QBW3    (0)    2 :  0.005 0.256 0.005 0.124 0.044 0.567 
331 QBW_QBW4    (0)    2 :  0.004 0.262 0.007 0.164 0.049 0.514 
332 QBW_QBW5    (0)    2 :  0.005 0.271 0.006 0.113 0.043 0.562 
333 QBW_QBW6    (0)    2 :  0.005 0.255 0.006 0.121 0.037 0.578 
334 QBW_QBW7    (0)    2 :  0.005 0.262 0.005 0.144 0.043 0.541 
335 QBW_QBW8    (0)    2 :  0.005 0.276 0.005 0.122 0.051 0.542 
336 QBW_QBW9    (0)    2 :  0.004 0.295 0.010 0.131 0.043 0.517 
337 QBW_QBW10    (0)    2 :  0.005 0.266 0.005 0.127 0.044 0.553 
338 QBW_QBW11    (0)    2 :  0.005 0.274 0.005 0.135 0.038 0.544 
339 QBW_QBW12    (0)    2 :  0.005 0.266 0.005 0.131 0.052 0.542 
340 QBW_QBW13    (0)    2 :  0.005 0.271 0.005 0.125 0.042 0.553 
341 QBW_QBW14    (0)    2 :  0.005 0.272 0.005 0.120 0.036 0.561 
342 QBW_QBW15    (0)    2 :  0.005 0.262 0.005 0.129 0.047 0.552 
343 QBW_QBW16    (0)    2 :  0.005 0.270 0.005 0.138 0.045 0.536 
344 QBW_QBW17    (0)    2 :  0.004 0.255 0.005 0.137 0.047 0.551 
345 QBW_QBW18    (0)    2 :  0.005 0.271 0.005 0.137 0.035 0.547 
346 QBW_QBW19    (0)    2 :  0.005 0.269 0.005 0.115 0.034 0.572 
347 QBW_QBW20    (0)    2 :  0.005 0.266 0.005 0.129 0.034 0.561 
348 QBW_QBW21    (0)    2 :  0.005 0.264 0.004 0.132 0.043 0.552 
349 QBW_QBW22    (0)    2 :  0.005 0.263 0.005 0.128 0.042 0.556 
350 QBW_QBW23    (0)    2 :  0.005 0.280 0.004 0.124 0.037 0.550 
351 QBW_QBW24    (0)    2 :  0.004 0.269 0.005 0.111 0.039 0.573 
352 QBW_QBW25    (0)    2 :  0.005 0.274 0.006 0.128 0.041 0.545 
353 QBW_QBW26    (0)    2 :  0.004 0.264 0.006 0.139 0.037 0.549 
354 QBW_QBW27    (0)    2 :  0.004 0.259 0.005 0.119 0.038 0.574 
355 QBW_QBW28    (0)    2 :  0.005 0.289 0.005 0.124 0.039 0.538 
356 QBW_QBW29    (0)    2 :  0.004 0.271 0.004 0.132 0.043 0.546 
357 QBW_QBW30    (0)    2 :  0.005 0.274 0.005 0.126 0.038 0.552 
358 QBW_QBW31    (0)    2 :  0.004 0.251 0.005 0.139 0.041 0.560 
359 QBW_QBW32    (0)    2 :  0.004 0.270 0.005 0.138 0.045 0.536 
360 QBW_QBW33    (0)    2 :  0.004 0.255 0.005 0.137 0.048 0.551 
361 QBW_QBW34    (0)    2 :  0.005 0.274 0.005 0.138 0.035 0.542 
362 QBW_QBW35    (0)    2 :  0.005 0.269 0.005 0.115 0.034 0.572 
363 QBW_QBW36    (0)    2 :  0.005 0.266 0.005 0.129 0.034 0.561 
364 QBW_QBW37    (0)    2 :  0.005 0.289 0.006 0.114 0.040 0.547 
365 QBW_QBW38    (0)    2 :  0.005 0.262 0.005 0.116 0.049 0.564 
366 QBW_QBW39    (0)    2 :  0.005 0.260 0.005 0.133 0.040 0.557 
367 QBW_QBW40    (0)    2 :  0.005 0.272 0.005 0.116 0.043 0.560 
368 QBW_QBW41    (0)    2 :  0.005 0.274 0.007 0.117 0.047 0.551 
369 QBW_QBW42    (0)    2 :  0.004 0.279 0.004 0.141 0.039 0.533 
370 QBW_QBW43    (0)    2 :  0.005 0.292 0.012 0.116 0.040 0.535 
371 QBW_QBW44    (0)    2 :  0.005 0.284 0.008 0.125 0.036 0.544 
372 QBW_QBW45    (0)    2 :  0.005 0.282 0.009 0.137 0.037 0.531 
373 QBW_QBW46    (0)    2 :  0.005 0.261 0.004 0.131 0.034 0.564 
374 QBW_QBW47    (0)    2 :  0.004 0.293 0.006 0.138 0.038 0.521 
375 QBW_QBW48    (0)    2 :  0.005 0.258 0.004 0.121 0.037 0.574 
376 QBW_QBW49    (0)    2 :  0.004 0.271 0.007 0.120 0.054 0.543 
377 QBW_QBW50    (0)    2 :  0.004 0.266 0.005 0.144 0.043 0.538 
378 QBW_QBW51    (0)    2 :  0.004 0.255 0.005 0.174 0.050 0.511 
379 QBW_QBW52    (0)    2 :  0.005 0.268 0.004 0.124 0.034 0.565 
380 QBW_QBW53    (0)    2 :  0.005 0.279 0.005 0.149 0.039 0.523 
381 QBW_QBW54    (0)    2 :  0.004 0.250 0.005 0.129 0.040 0.571 
382 Ten_Ten1    (0)    2 :  0.005 0.282 0.007 0.116 0.037 0.555 
383 Ten_Ten2    (0)    2 :  0.004 0.260 0.005 0.118 0.037 0.576 
384 Ten_Ten3    (0)    2 :  0.005 0.277 0.007 0.127 0.038 0.546 
385 Ten_Ten4    (0)    2 :  0.004 0.278 0.005 0.144 0.038 0.530 
386 Ten_Ten5    (0)    2 :  0.004 0.256 0.005 0.122 0.035 0.578 
387 Ten_Ten6    (0)    2 :  0.004 0.251 0.005 0.114 0.035 0.591 
388 Ten_Ten7    (0)    2 :  0.006 0.282 0.008 0.148 0.060 0.497 
389 Ten_Ten8    (0)    2 :  0.007 0.267 0.005 0.134 0.038 0.549 
390 Ten_Ten9    (0)    2 :  0.005 0.255 0.005 0.133 0.043 0.559 
391 Ten_Ten10    (0)    2 :  0.005 0.261 0.005 0.137 0.045 0.547 
392 Ten_Ten11    (0)    2 :  0.006 0.275 0.008 0.124 0.039 0.549 
393 Ten_Ten12    (0)    2 :  0.004 0.268 0.006 0.133 0.041 0.548 
394 Ten_Ten13    (0)    2 :  0.005 0.265 0.008 0.133 0.041 0.549 
395 Ten_Ten14    (0)    2 :  0.005 0.265 0.005 0.142 0.041 0.543 
396 Ten_Ten15    (0)    2 :  0.005 0.252 0.005 0.138 0.047 0.554 
397 Ten_Ten16    (0)    2 :  0.005 0.263 0.005 0.114 0.037 0.576 
398 Ten_Ten17    (0)    2 :  0.005 0.270 0.004 0.153 0.040 0.528 
399 Ten_Ten18    (0)    2 :  0.005 0.268 0.007 0.120 0.047 0.553 
400 Ten_Ten19    (0)    2 :  0.004 0.269 0.005 0.136 0.042 0.544 
401 Ten_Ten20    (0)    2 :  0.004 0.257 0.005 0.127 0.042 0.565 
402 Ten_Ten21    (0)    2 :  0.005 0.274 0.005 0.144 0.042 0.530 
403 Ten_Ten22    (0)    2 :  0.005 0.262 0.004 0.130 0.034 0.566 
404 Ten_Ten23    (0)    2 :  0.004 0.264 0.005 0.138 0.051 0.538 
405 Ten_Ten24    (0)    2 :  0.004 0.264 0.005 0.122 0.049 0.556 
406 Ten_Ten25    (0)    2 :  0.005 0.271 0.007 0.125 0.039 0.552 
407 Ten_Ten26    (0)    2 :  0.004 0.261 0.005 0.142 0.046 0.542 
408 Ten_Ten27    (0)    2 :  0.005 0.267 0.005 0.143 0.038 0.542 
409 Ten_Ten28    (0)    2 :  0.005 0.277 0.006 0.140 0.047 0.526 
410 Ten_Ten29    (0)    2 :  0.005 0.261 0.004 0.119 0.034 0.577 
411 Ten_Ten30    (0)    2 :  0.005 0.258 0.005 0.116 0.037 0.580 
412 Ten_Ten31    (0)    2 :  0.004 0.278 0.006 0.149 0.042 0.521 
413 Ten_Ten32    (0)    2 :  0.005 0.260 0.005 0.130 0.038 0.562 
414 Ten_Ten33    (0)    2 :  0.005 0.284 0.005 0.135 0.051 0.520 
415 Ten_Ten34    (0)    2 :  0.004 0.290 0.004 0.117 0.035 0.549 
416 Ten_Ten35    (0)    2 :  0.005 0.280 0.004 0.133 0.035 0.544 
417 Ten_Ten36    (0)    2 :  0.004 0.285 0.007 0.141 0.045 0.518 
418 Ten_Ten37    (0)    2 :  0.005 0.277 0.004 0.110 0.034 0.570 
419 Ten_Ten38    (0)    2 :  0.004 0.269 0.005 0.113 0.040 0.569 
420 Ten_Ten39    (0)    2 :  0.004 0.261 0.008 0.124 0.043 0.560 
421 Ten_Ten40    (0)    2 :  0.005 0.254 0.004 0.126 0.038 0.572 
422 Ten_Ten41    (0)    2 :  0.004 0.261 0.004 0.125 0.039 0.566 
423 Ten_Ten42    (0)    2 :  0.005 0.272 0.011 0.141 0.043 0.528 
424 Ten_Ten43    (0)    2 :  0.005 0.270 0.005 0.120 0.035 0.564 
425 Ten_Ten44    (0)    2 :  0.005 0.273 0.008 0.121 0.041 0.553 
426 Ten_Ten45    (0)    2 :  0.005 0.254 0.004 0.117 0.035 0.585 
427 Ten_Ten46    (0)    2 :  0.005 0.265 0.004 0.136 0.044 0.546 
428 Ten_Ten47    (0)    2 :  0.004 0.277 0.004 0.152 0.037 0.526 
429 Ten_Ten48    (0)    2 :  0.004 0.259 0.006 0.115 0.046 0.570 
430 Ten_Ten49    (0)    2 :  0.004 0.273 0.005 0.111 0.036 0.571 
431 Ten_Ten50    (0)    2 :  0.005 0.259 0.005 0.142 0.038 0.551 
432 Ten_Ten51    (0)    2 :  0.005 0.253 0.004 0.115 0.034 0.588 
433 Ten_Ten52    (0)    2 :  0.004 0.259 0.007 0.167 0.039 0.524 
434 Tote_Tote1    (0)    2 :  0.004 0.270 0.005 0.121 0.039 0.561 
435 Tote_Tote2    (0)    2 :  0.004 0.257 0.006 0.165 0.045 0.524 
436 Tote_Tote3    (0)    2 :  0.006 0.269 0.005 0.129 0.041 0.551 
437 Tote_Tote4    (0)    2 :  0.005 0.279 0.006 0.118 0.042 0.551 
438 Tote_Tote5    (0)    2 :  0.004 0.264 0.006 0.132 0.039 0.554 
439 Tote_Tote6    (0)    2 :  0.005 0.277 0.005 0.146 0.038 0.529 
440 Tote_Tote7    (0)    2 :  0.004 0.281 0.005 0.121 0.060 0.529 
441 Tote_Tote8    (0)    2 :  0.006 0.287 0.005 0.110 0.036 0.556 
442 Tote_Tote1_    (0)    2 :  0.005 0.263 0.005 0.139 0.043 0.546 
443 Tote_Tote1_    (0)    2 :  0.004 0.272 0.005 0.118 0.036 0.565 
444 Tote_Tote1_    (0)    2 :  0.005 0.279 0.005 0.144 0.041 0.526 
445 Tote_Tote1_    (0)    2 :  0.005 0.274 0.006 0.139 0.045 0.532 
446 Tote_Tote1_    (0)    2 :  0.004 0.266 0.006 0.149 0.039 0.535 
447 Tote_Tote1_    (0)    2 :  0.005 0.270 0.007 0.135 0.046 0.538 
448 Tote_Tote1_    (0)    2 :  0.004 0.283 0.007 0.152 0.053 0.501 
449 Tote_Tote1_    (0)    2 :  0.005 0.271 0.005 0.164 0.052 0.504 
450 Tote_Tote1_    (0)    2 :  0.004 0.275 0.007 0.124 0.038 0.552 
451 Tote_Tote2_    (0)    2 :  0.005 0.273 0.005 0.129 0.044 0.545 
452 Tote_Tote2_    (0)    2 :  0.004 0.269 0.005 0.127 0.040 0.555 
453 Tote_Tote2_    (0)    2 :  0.005 0.269 0.005 0.149 0.039 0.533 
454 Tote_Tote2_    (0)    2 :  0.005 0.276 0.005 0.125 0.039 0.550 
455 Tote_Tote2_    (0)    2 :  0.006 0.270 0.007 0.135 0.040 0.542 
456 Tote_Tote2_    (0)    2 :  0.005 0.260 0.004 0.123 0.034 0.575 
457 Tote_Tote2_    (0)    2 :  0.005 0.270 0.005 0.124 0.037 0.560 
458 Tote_Tote2_    (0)    2 :  0.004 0.249 0.004 0.124 0.038 0.581 
459 Tote_Tote2_    (0)    2 :  0.004 0.273 0.004 0.132 0.038 0.548 
460 Tote_Tote2_    (0)    2 :  0.004 0.257 0.005 0.118 0.038 0.578 
461 Tote_Tote3_    (0)    2 :  0.004 0.267 0.006 0.168 0.048 0.506 
462 Tote_Tote3_    (0)    2 :  0.004 0.281 0.005 0.111 0.037 0.562 
463 Tote_Tote3_    (0)    2 :  0.005 0.271 0.005 0.129 0.039 0.551 
464 Tote_Tote3_    (0)    2 :  0.005 0.275 0.006 0.128 0.040 0.546 
465 Tote_Tote3_    (0)    2 :  0.005 0.267 0.004 0.134 0.042 0.547 
466 Tote_Tote3_    (0)    2 :  0.006 0.276 0.008 0.129 0.043 0.537 
467 Tote_Tote3_    (0)    2 :  0.005 0.297 0.009 0.128 0.041 0.520 
468 Tote_Tote3_    (0)    2 :  0.005 0.268 0.005 0.134 0.041 0.549 
469 Tote_Tote3_    (0)    2 :  0.005 0.262 0.005 0.128 0.045 0.555 
470 Tote_Tote3_    (0)    2 :  0.005 0.274 0.007 0.166 0.045 0.503 
471 Tote_Tote4_    (0)    2 :  0.005 0.276 0.005 0.140 0.038 0.536 
472 Tote_Tote4_    (0)    2 :  0.005 0.281 0.005 0.121 0.036 0.552 
473 Tote_Tote4_    (0)    2 :  0.005 0.269 0.004 0.117 0.036 0.568 
474 Tote_Tote4_    (0)    2 :  0.006 0.269 0.006 0.137 0.055 0.527 
475 Tote_Tote4_    (0)    2 :  0.005 0.269 0.006 0.149 0.040 0.531 
476 Tote_Tote4_    (0)    2 :  0.005 0.271 0.006 0.136 0.042 0.541 
477 Tote_Tote4_    (0)    2 :  0.005 0.268 0.006 0.150 0.042 0.530 
478 Tote_Tote4_    (0)    2 :  0.004 0.274 0.006 0.118 0.035 0.562 
479 Tote_Tote4_    (0)    2 :  0.005 0.280 0.008 0.115 0.037 0.556 
480 Tote_Tote4_    (0)    2 :  0.004 0.281 0.009 0.117 0.039 0.551 
481 Tote_Tote5_    (0)    2 :  0.005 0.261 0.005 0.146 0.041 0.541 
482 Tote_Tote5_    (0)    2 :  0.005 0.277 0.005 0.144 0.040 0.529 
483 Tote_Tote5_    (0)    2 :  0.005 0.265 0.005 0.136 0.042 0.548 
484 Tote_Tote5_    (0)    2 :  0.004 0.271 0.004 0.119 0.033 0.569 
485 Tote_Tote5_    (0)    2 :  0.004 0.252 0.006 0.135 0.039 0.564 
486 Tote_Tote5_    (0)    2 :  0.005 0.288 0.004 0.126 0.032 0.545 
487 Taga_Taga1    (0)    3 :  0.000 0.073 0.004 0.554 0.368 0.001 
488 Taga_Taga2    (0)    3 :  0.001 0.103 0.003 0.538 0.354 0.001 
489 Taga_Taga3    (0)    3 :  0.000 0.087 0.003 0.622 0.286 0.001 
490 Taga_Taga4    (0)    3 :  0.000 0.082 0.004 0.569 0.344 0.001 
491 Taga_Taga5    (0)    3 :  0.000 0.088 0.004 0.578 0.328 0.001 
492 Taga_Taga6    (0)    3 :  0.001 0.110 0.004 0.550 0.334 0.002 
493 Taga_Taga7    (0)    3 :  0.000 0.094 0.003 0.547 0.354 0.001 
494 Taga_Taga8    (0)    3 :  0.000 0.085 0.005 0.595 0.313 0.001 
495 Taga_Taga9    (0)    3 :  0.000 0.080 0.003 0.551 0.364 0.001 
496 Taga_Taga1_    (0)    3 :  0.000 0.132 0.004 0.559 0.303 0.002 
497 Taga_Taga1_    (0)    3 :  0.000 0.097 0.013 0.584 0.305 0.002 
498 Taga_Taga1_    (0)    3 :  0.000 0.099 0.004 0.616 0.278 0.001 
499 Taga_Taga1_    (0)    3 :  0.000 0.103 0.003 0.613 0.279 0.001 
500 Taga_Taga1_    (0)    3 :  0.000 0.086 0.003 0.586 0.323 0.001 
501 Taga_Taga1_    (0)    3 :  0.000 0.088 0.003 0.559 0.348 0.001 
502 Taga_Taga1_    (0)    3 :  0.000 0.101 0.010 0.538 0.350 0.001 
503 Taga_Taga1_    (0)    3 :  0.000 0.102 0.011 0.583 0.303 0.001 
504 Taga_Taga1_    (0)    3 :  0.000 0.084 0.005 0.597 0.313 0.001 
505 Taga_Taga1_    (0)    3 :  0.000 0.075 0.005 0.568 0.352 0.001 
506 Taga_Taga2_    (0)    3 :  0.000 0.078 0.004 0.577 0.339 0.001 
507 Taga_Taga2_    (0)    3 :  0.000 0.074 0.003 0.567 0.354 0.001 
508 Taga_Taga2_    (0)    3 :  0.001 0.119 0.004 0.503 0.372 0.002 
509 Taga_Taga2_    (0)    3 :  0.000 0.119 0.004 0.523 0.352 0.002 
510 Taga_Taga2_    (0)    3 :  0.000 0.094 0.003 0.588 0.313 0.001 
511 Taga_Taga2_    (0)    3 :  0.000 0.081 0.003 0.503 0.411 0.001 
512 Taga_Taga2_    (0)    3 :  0.000 0.079 0.004 0.586 0.330 0.001 
513 Taga_Taga2_    (0)    3 :  0.000 0.075 0.004 0.557 0.362 0.001 
514 Taga_Taga2_    (0)    3 :  0.000 0.084 0.003 0.624 0.287 0.001 
515 Taga_Taga2_    (0)    3 :  0.000 0.085 0.005 0.562 0.346 0.001 
516 Taga_Taga3_    (0)    3 :  0.000 0.098 0.005 0.562 0.333 0.001 
517 Taga_Taga3_    (0)    3 :  0.000 0.089 0.003 0.625 0.282 0.001 
518 Taga_Taga3_    (0)    3 :  0.000 0.081 0.003 0.570 0.344 0.001 
519 Taga_Taga3_    (0)    3 :  0.000 0.070 0.006 0.618 0.305 0.001 
520 Taga_Taga3_    (0)    3 :  0.001 0.133 0.003 0.563 0.298 0.003 
521 Taga_Taga3_    (0)    3 :  0.000 0.088 0.003 0.565 0.342 0.001 
522 Taga_Taga3_    (0)    3 :  0.000 0.075 0.004 0.579 0.340 0.001 
523 Taga_Taga3_    (0)    3 :  0.000 0.103 0.004 0.604 0.287 0.001 
524 Taga_Taga3_    (0)    3 :  0.000 0.097 0.004 0.529 0.369 0.001 
525 Taga_Taga3_    (0)    3 :  0.000 0.075 0.004 0.535 0.385 0.001 
526 Taga_Taga4_    (0)    3 :  0.000 0.080 0.004 0.636 0.278 0.001 
527 Taga_Taga4_    (0)    3 :  0.000 0.074 0.004 0.589 0.331 0.001 
528 Taga_Taga4_    (0)    3 :  0.000 0.066 0.004 0.592 0.337 0.001 
529 Taga_Taga4_    (0)    3 :  0.000 0.113 0.005 0.538 0.342 0.002 
530 Taga_Taga4_    (0)    3 :  0.000 0.092 0.003 0.569 0.334 0.001 
531 Taga_Taga4_    (0)    3 :  0.000 0.093 0.003 0.572 0.330 0.001 
532 Taga_Taga4_    (0)    3 :  0.000 0.127 0.004 0.563 0.304 0.002 
533 Taga_Taga4_    (0)    3 :  0.000 0.115 0.003 0.543 0.337 0.002 
534 Taga_Taga4_    (0)    3 :  0.000 0.141 0.005 0.526 0.326 0.002 
535 Taga_Taga4_    (0)    3 :  0.000 0.097 0.005 0.505 0.391 0.001 
536 Taga_Taga5_    (0)    3 :  0.000 0.073 0.004 0.597 0.325 0.001 
537 Taga_Taga5_    (0)    3 :  0.000 0.090 0.004 0.512 0.392 0.001 
538 Taga_Taga5_    (0)    3 :  0.000 0.074 0.004 0.616 0.304 0.001 
539 Mata_Mata1    (0)    3 :  0.000 0.080 0.005 0.557 0.357 0.001 
540 Mata_Mata2    (0)    3 :  0.000 0.072 0.003 0.612 0.311 0.001 
541 Mata_Mata3    (0)    3 :  0.000 0.074 0.004 0.551 0.370 0.001 
542 Mata_Mata4    (0)    3 :  0.000 0.084 0.008 0.595 0.311 0.001 
543 Mata_Mata5    (0)    3 :  0.000 0.097 0.004 0.589 0.308 0.001 
544 Mata_Mata6    (0)    3 :  0.000 0.078 0.003 0.591 0.325 0.001 
545 Mata_Mata7    (0)    3 :  0.001 0.099 0.004 0.515 0.380 0.002 
546 Mata_Mata8    (0)    3 :  0.000 0.089 0.004 0.554 0.351 0.001 
547 Mata_Mata9    (0)    3 :  0.000 0.113 0.007 0.531 0.347 0.002 
548 Mata_Mata1_    (0)    3 :  0.000 0.076 0.005 0.541 0.376 0.001 
549 Mata_Mata1_    (0)    3 :  0.000 0.093 0.004 0.594 0.307 0.001 
550 Mata_Mata1_    (0)    3 :  0.001 0.106 0.004 0.543 0.345 0.002 
551 Mata_Mata1_    (0)    3 :  0.001 0.157 0.004 0.525 0.311 0.002 
552 Mata_Mata1_    (0)    3 :  0.000 0.077 0.005 0.625 0.292 0.001 
553 Mata_Mata1_    (0)    3 :  0.001 0.118 0.007 0.492 0.381 0.002 
554 Mata_Mata1_    (0)    3 :  0.000 0.098 0.007 0.568 0.325 0.001 
555 Mata_Mata1_    (0)    3 :  0.000 0.074 0.005 0.572 0.348 0.001 
