Fiji NewCaledonia PNG Societies Tuamotus 
Fiji 2.913 -0.217057 -0.979927 -0.0862227 -1.6298
NewCaledonia -0.217057 0.928003 2.43174 -1.42456 -1.71813
PNG -0.979927 2.43174 6.71661 -2.93743 -5.231
Societies -0.0862227 -1.42456 -2.93743 1.6605 2.7877
Tuamotus -1.6298 -1.71813 -5.231 2.7877 5.79122
